poly(,8,[-8.487,3.317,-8.442,3.372,-8.361,3.4,-8.304,3.404,-8.246,3.425,-8.154,3.437,-8.062,3.476,-7.955,3.503],0,1,0,0,0,0,255,0,255,0).
poly(,12,[-8.141,3.464,-8.086,3.492,-8.012,3.526,-7.917,3.555,-7.817,3.565,-7.703,3.577,-7.616,3.57,-7.512,3.584,-7.413,3.606,-7.339,3.626,-7.253,3.641,-7.183,3.64],0,1,0,0,0,0,255,0,255,0).
poly(,8,[-7.456,3.54,-7.414,3.569,-7.335,3.591,-7.245,3.612,-7.167,3.63,-7.08,3.652,-6.977,3.682,-6.887,3.714],0,1,0,0,0,0,255,0,255,0).
poly(,5,[-8.027,3.439,-7.914,3.488,-7.829,3.527,-7.738,3.562,-7.713,3.57],0,1,0,0,0,0,255,0,255,0).
poly(,4,[-8.856,3.225,-8.728,3.285,-8.607,3.328,-8.453,3.368],0,1,8,0,0,0,255,0,255,0).
poly(,6,[-7.472,3.452,-7.277,3.531,-7.101,3.588,-6.977,3.627,-6.816,3.665,-6.686,3.689],0,1,0,0,0,0,255,0,255,0).
poly(,2,[-6.573,3.686,-6.438,3.694],0,1,0,0,0,0,255,0,255,0).
poly(,5,[-6.512,3.616,-6.402,3.631,-6.32,3.648,-6.232,3.659,-6.138,3.65],0,1,0,0,0,0,255,0,255,0).
poly(,6,[-6.14,3.627,-6.033,3.629,-5.926,3.64,-5.838,3.651,-5.738,3.659,-5.668,3.661],0,1,0,0,0,0,255,0,255,0).
poly(,6,[-5.649,3.652,-5.604,3.633,-5.53,3.588,-5.459,3.547,-5.409,3.526,-5.296,3.492],0,1,0,0,0,0,255,0,0,0).
poly(,8,[-7.206,3.735,-7.144,3.785,-7.097,3.824,-7.026,3.863,-6.988,3.881,-6.92,3.928,-6.838,3.981,-6.732,4.035],0,1,0,0,0,0,255,0,255,0).
poly(,5,[-6.881,4.072,-6.793,4.105,-6.771,4.117,-6.742,4.123,-6.674,4.152],0,1,0,0,0,0,255,0,255,0).
poly(,6,[-8.274,4.033,-8.134,4.067,-8.047,4.085,-7.992,4.097,-7.933,4.091,-7.885,4.094],0,1,0,0,0,0,255,0,255,0).
poly(,6,[-8.226,3.98,-8.169,3.994,-8.136,4.013,-8.1,4.037,-8.068,4.051,-8.026,4.072],0,1,0,0,0,0,255,0,255,0).
poly(,6,[-7.387,4.239,-7.264,4.282,-7.171,4.317,-7.094,4.338,-7.023,4.365,-6.954,4.374],0,1,0,0,0,0,255,0,255,0).
poly(,3,[-7.902,4.055,-7.829,4.09,-7.79,4.106],0,1,0,0,0,0,255,0,255,0).
poly(,6,[-7.881,4.098,-7.753,4.13,-7.573,4.17,-7.52,4.182,-7.445,4.211,-7.395,4.23],0,1,8,0,0,0,255,0,255,0).
poly(,6,[-6.371,4.482,-6.281,4.5,-6.202,4.533,-6.123,4.546,-6.006,4.585,-5.955,4.587],0,1,8,0,0,0,255,0,255,0).
poly(,6,[-5.867,4.584,-5.751,4.613,-5.631,4.643,-5.558,4.672,-5.473,4.674,-5.401,4.679],0,1,0,0,0,0,255,0,255,0).
poly(,3,[-6.682,4.415,-6.606,4.426,-6.514,4.461],0,1,8,0,0,0,255,0,255,0).
poly(,2,[-6.541,4.417,-6.448,4.454],0,1,8,0,0,0,255,0,255,0).
poly(,13,[-5.094,4.791,-4.975,4.838,-4.839,4.891,-4.725,4.93,-4.599,4.974,-4.504,4.997,-4.433,5.022,-4.332,5.056,-4.247,5.083,-4.195,5.097,-4.11,5.127,-4.033,5.16,-3.911,5.212],0,1,0,0,0,0,255,0,255,0).
poly(,5,[-5.369,4.713,-5.26,4.748,-5.196,4.757,-5.145,4.767,-5.089,4.791],0,1,8,0,0,0,255,0,0,0).
poly(,4,[-5.359,4.684,-5.272,4.689,-5.192,4.699,-5.155,4.699],0,1,8,0,0,0,255,0,255,0).
poly(,3,[-7.807,4.412,-7.68,4.451,-7.554,4.48],0,1,8,0,0,0,255,0,255,0).
poly(,4,[-7.828,4.463,-7.733,4.478,-7.653,4.488,-7.558,4.494],0,1,8,0,0,0,255,0,255,0).
poly(,5,[-7.503,4.505,-7.381,4.545,-7.265,4.573,-7.102,4.606,-7.01,4.635],0,1,0,0,0,0,255,0,255,0).
poly(,3,[-6.944,4.646,-6.818,4.67,-6.699,4.703],0,1,0,0,0,0,255,0,255,0).
poly(,3,[-6.871,4.633,-6.745,4.669,-6.647,4.697],0,1,0,0,0,0,255,0,255,0).
poly(,6,[-6.484,4.696,-6.312,4.742,-6.202,4.782,-6.111,4.823,-6.037,4.857,-5.972,4.893],0,1,0,0,0,0,255,0,255,0).
poly(,14,[-8.876,2.065,-8.749,2.106,-8.599,2.123,-8.453,2.133,-8.32,2.138,-8.219,2.152,-8.071,2.193,-7.957,2.23,-7.853,2.249,-7.731,2.244,-7.583,2.24,-7.462,2.254,-7.347,2.278,-7.265,2.291],0,1.1,0,0,0,0,0,128,0,0).
poly(,8,[-7.245,2.307,-7.158,2.32,-7.07,2.336,-6.992,2.347,-6.919,2.354,-6.796,2.354,-6.686,2.359,-6.516,2.354],0,1,0,0,0,0,0,128,0,0).
poly(,10,[-7.928,2.176,-7.806,2.176,-7.69,2.162,-7.6,2.149,-7.546,2.142,-7.506,2.155,-7.452,2.175,-7.404,2.19,-7.36,2.193,-7.298,2.173],0,1,0,0,0,0,0,128,0,0).
poly(,5,[-6.916,2.204,-6.754,2.205,-6.673,2.202,-6.59,2.199,-6.475,2.192],0,1,8,0,0,0,0,128,0,0).
poly(,4,[-7.218,2.183,-7.109,2.198,-7.009,2.203,-6.916,2.211],0,1,0,0,0,0,0,128,0,0).
poly(,14,[-8.818,1.892,-8.649,1.893,-8.506,1.897,-8.426,1.886,-8.336,1.877,-8.247,1.892,-8.143,1.926,-8.096,1.937,-7.987,1.947,-7.896,1.953,-7.836,1.97,-7.775,2,-7.716,2.032,-7.62,2.06],0,1,0,0,0,0,0,128,0,0).
poly(,6,[-7.992,2.123,-7.858,2.109,-7.756,2.089,-7.672,2.095,-7.595,2.09,-7.513,2.076],0,1,0,0,0,0,0,128,0,0).
poly(,9,[-8.778,2.066,-8.69,2.06,-8.621,2.049,-8.559,2.03,-8.486,2.012,-8.412,2.023,-8.335,2.033,-8.284,2.036,-8.249,2.038],0,1,0,0,0,0,0,128,0,0).
poly(,3,[-8.221,2.027,-8.158,2.026,-8.078,2.02],0,1,0,0,0,0,0,128,0,0).
poly(,5,[-8.107,2.06,-8.032,2.046,-7.946,2.027,-7.889,2.012,-7.83,1.995],0,1,8,0,0,0,0,128,0,0).
poly(,4,[-7.863,2.143,-7.775,2.133,-7.664,2.121,-7.583,2.118],0,1,8,0,0,0,0,128,0,0).
poly(,6,[-8.955,2.289,-8.83,2.283,-8.746,2.286,-8.588,2.264,-8.441,2.235,-8.305,2.202],0,1,8,0,0,0,0,128,0,0).
poly(,3,[-8.922,2.193,-8.864,2.2,-8.783,2.22],0,1,8,0,0,0,0,128,0,0).
poly(,5,[-7.904,2.364,-7.772,2.37,-7.646,2.383,-7.543,2.396,-7.455,2.42],0,1,8,0,0,0,0,128,0,0).
poly(,12,[-7.856,1.94,-7.795,1.95,-7.74,1.973,-7.621,2.029,-7.547,2.055,-7.47,2.069,-7.392,2.095,-7.267,2.129,-7.153,2.149,-7.072,2.167,-6.949,2.185,-6.859,2.192],0,1,8,0,0,0,0,128,0,0).
poly(,3,[-8.552,1.047,-8.523,1.089,-8.487,1.123],0,1,0,0,0,0,255,0,0,0).
poly(,11,[-8.524,1.11,-8.479,1.169,-8.43,1.23,-8.383,1.295,-8.312,1.363,-8.252,1.418,-8.166,1.464,-8.064,1.513,-7.972,1.563,-7.904,1.603,-7.852,1.638],0,1,0,0,0,0,0,0,255,0).
poly(,5,[-7.924,1.62,-7.872,1.71,-7.836,1.772,-7.803,1.827,-7.744,1.941],0,1,0,0,0,0,255,0,0,0).
poly(,5,[-8.22,1.457,-8.149,1.515,-8.06,1.569,-7.966,1.62,-7.918,1.655],0,1,0,0,0,0,0,0,255,0).
poly(,10,[-8.616,1.278,-8.57,1.324,-8.516,1.373,-8.47,1.4,-8.404,1.429,-8.356,1.458,-8.307,1.501,-8.29,1.53,-8.256,1.553,-8.232,1.581],0,1,0,0,0,0,0,0,255,0).
poly(,11,[-8.233,1.209,-8.272,1.144,-8.307,1.081,-8.347,1.001,-8.367,0.95,-8.389,0.897,-8.403,0.875,-8.412,0.821,-8.415,0.784,-8.43,0.743,-8.439,0.698],0,1,0,0,0,0,255,0,0,0).
poly(,4,[-8.166,1.39,-8.201,1.321,-8.244,1.24,-8.295,1.167],0,1,0,0,0,0,255,0,0,0).
poly(,3,[-8.158,1.46,-8.173,1.417,-8.196,1.375],0,1,0,0,0,0,255,0,0,0).
poly(,3,[-8.412,0.85,-8.433,0.824,-8.469,0.787],0,1,8,0,0,0,255,0,0,0).
poly(,3,[-8.266,1.121,-8.166,1.174,-8.103,1.215],0,1.1,0,0,0,0,0,0,255,0).
poly(,4,[-8.092,1.194,-8.06,1.227,-8.007,1.261,-7.976,1.281],0,1,0,0,0,0,0,0,255,0).
poly(,10,[-8.012,1.247,-7.966,1.275,-7.89,1.307,-7.82,1.335,-7.703,1.386,-7.603,1.438,-7.518,1.49,-7.464,1.53,-7.401,1.57,-7.384,1.58],0,1.1,0,0,0,0,0,0,255,0).
poly(,17,[-7.569,1.466,-7.52,1.509,-7.48,1.55,-7.409,1.583,-7.34,1.609,-7.289,1.638,-7.217,1.677,-7.15,1.713,-7.12,1.735,-7.061,1.76,-7.012,1.787,-6.96,1.81,-6.924,1.824,-6.883,1.824,-6.798,1.838,-6.743,1.847,-6.698,1.866],0,1.1,0,0,0,0,0,0,255,0).
poly(,8,[-8.23,1.238,-8.178,1.277,-8.103,1.309,-8,1.338,-7.89,1.363,-7.813,1.383,-7.772,1.397,-7.706,1.432],0,1,0,0,0,0,0,0,255,0).
poly(,15,[-7.875,1.658,-7.76,1.669,-7.681,1.672,-7.583,1.692,-7.513,1.717,-7.369,1.764,-7.25,1.8,-7.189,1.837,-7.12,1.864,-7.024,1.895,-6.958,1.921,-6.909,1.946,-6.79,1.966,-6.721,1.978,-6.634,1.99],0,1,8,0,0,0,0,0,255,0).
poly(,5,[-8.26,1.749,-8.115,1.717,-8.023,1.698,-7.958,1.692,-7.903,1.69],0,1,8,0,0,0,0,0,255,0).
poly(,6,[-8.479,2.067,-8.399,2.066,-8.341,2.064,-8.293,2.066,-8.261,2.072,-8.19,2.07],0,1,8,0,0,0,0,128,0,0).
poly(,5,[-8.232,2.144,-8.164,2.143,-8.103,2.147,-8.032,2.138,-7.94,2.133],0,1,8,0,0,0,0,128,0,0).
poly(,5,[-7.115,2.096,-7.034,2.107,-6.947,2.121,-6.864,2.126,-6.783,2.126],0,1,8,0,0,0,0,128,0,0).
poly(,5,[-5.098,2.648,-5.037,2.666,-4.968,2.692,-4.881,2.719,-4.838,2.716],0,1,0,0,0,0,0,128,0,0).
poly(,26,[-7.14,2.312,-7.037,2.313,-6.969,2.307,-6.914,2.31,-6.863,2.318,-6.787,2.321,-6.712,2.329,-6.661,2.329,-6.584,2.327,-6.535,2.327,-6.464,2.344,-6.367,2.367,-6.238,2.373,-6.149,2.4,-6.015,2.426,-5.995,2.444,-5.927,2.464,-5.878,2.481,-5.783,2.503,-5.657,2.529,
-5.541,2.54,-5.449,2.549,-5.383,2.567,-5.34,2.584,-5.258,2.593,-5.147,2.622],0,1.1,0,0,0,0,0,128,0,0).
poly(,17,[-6.97,2.396,-6.894,2.406,-6.81,2.423,-6.709,2.413,-6.635,2.407,-6.55,2.409,-6.447,2.423,-6.352,2.432,-6.252,2.455,-6.167,2.473,-6.08,2.49,-6.004,2.512,-5.903,2.536,-5.804,2.555,-5.728,2.569,-5.615,2.572,-5.478,2.572],0,1.1,0,0,0,0,0,128,0,0).
poly(,2,[-6.287,2.406,-6.211,2.418],0,1,0,0,0,0,0,128,0,0).
poly(,6,[-7.366,2.447,-7.278,2.464,-7.178,2.478,-7.069,2.49,-6.984,2.493,-6.892,2.503],0,1,8,0,0,0,0,128,0,0).
poly(,9,[-5.116,2.72,-5.058,2.741,-4.972,2.775,-4.841,2.823,-4.701,2.873,-4.572,2.91,-4.454,2.939,-4.348,2.969,-4.211,2.996],0,1,8,0,0,0,0,128,0,0).
poly(,17,[-6.732,2.476,-6.612,2.484,-6.547,2.489,-6.426,2.504,-6.307,2.526,-6.212,2.546,-6.095,2.556,-5.975,2.583,-5.818,2.609,-5.737,2.624,-5.652,2.635,-5.563,2.636,-5.469,2.644,-5.372,2.661,-5.241,2.683,-5.177,2.696,-5.133,2.704],0,1.1,8,0,0,0,0,128,0,0).
poly(,8,[-6.798,0.772,-6.541,0.832,-6.292,0.887,-6.034,0.941,-5.777,0.99,-5.506,1.046,-5.292,1.084,-5.103,1.126],0,1,8,0,0,0,0,0,255,0).
poly(,10,[-6.355,0.907,-6.141,0.978,-5.927,1.055,-5.74,1.121,-5.611,1.18,-5.452,1.235,-5.271,1.298,-5.071,1.37,-4.925,1.421,-4.771,1.484],0,1,8,0,0,0,0,0,255,0).
poly(,11,[-5.142,1.108,-5.184,1.05,-5.263,1.008,-5.305,0.977,-5.337,0.932,-5.371,0.859,-5.429,0.804,-5.473,0.74,-5.568,0.536,-5.628,0.391,-5.789,0.094],0,1,0,0,0,0,255,0,0,0).
poly(,16,[-5.271,2.58,-5.248,2.53,-5.236,2.488,-5.208,2.441,-5.196,2.4,-5.168,2.329,-5.142,2.257,-5.075,2.095,-5.019,1.96,-4.96,1.831,-4.867,1.682,-4.78,1.546,-4.677,1.401,-4.632,1.322,-4.584,1.256,-4.556,1.209],0,1,8,0,0,0,255,0,0,0).
poly(,2,[-4.537,1.181,-4.499,1.13],0,1,0,0,0,0,255,0,0,0).
poly(,4,[-4.471,0.968,-4.314,0.725,-4.186,0.547,-4.073,0.377],0,1,8,0,0,0,255,0,0,0).
poly(,7,[-5.019,1.866,-5.023,1.747,-5.023,1.595,-5.021,1.522,-5.018,1.473,-5.021,1.429,-5.025,1.404],0,1,0,0,0,0,255,0,0,0).
poly(,8,[-4.577,1.555,-4.495,1.6,-4.389,1.646,-4.352,1.656,-4.319,1.661,-4.23,1.707,-4.153,1.74,-4.053,1.771],0,1,0,0,0,0,0,0,255,0).
poly(,2,[-4.681,1.478,-4.48,1.579],0,1,0,0,0,0,0,0,255,0).
poly(,6,[-4.6,1.834,-4.462,1.902,-4.289,1.979,-4.111,2.037,-3.997,2.067,-3.884,2.093],0,1,0,0,0,0,0,0,255,0).
poly(,11,[-3.819,2.142,-3.744,2.173,-3.688,2.177,-3.624,2.187,-3.568,2.21,-3.517,2.219,-3.458,2.234,-3.414,2.238,-3.323,2.264,-3.23,2.283,-3.119,2.316],0,1,0,0,0,0,0,0,255,0).
poly(,4,[-3.77,2.194,-3.695,2.198,-3.644,2.196,-3.599,2.201],0,1,0,0,0,0,0,0,255,0).
poly(,3,[-4.735,1.607,-4.693,1.63,-4.661,1.654],0,1,8,0,0,0,0,0,255,0).
poly(,3,[-4.404,1.899,-4.429,1.805,-4.483,1.625],0,1,8,0,0,0,255,0,0,0).
poly(,3,[-4.382,1.86,-4.401,1.803,-4.443,1.667],0,1,8,0,0,0,255,0,0,0).
poly(,6,[-4.453,1.6,-4.474,1.527,-4.497,1.457,-4.53,1.364,-4.555,1.296,-4.569,1.247],0,1,8,0,0,0,255,0,0,0).
poly(,3,[-4.502,1.551,-4.546,1.422,-4.588,1.293],0,1,0,0,0,0,255,0,0,0).
poly(,4,[-4.488,2.245,-4.529,2.079,-4.544,1.967,-4.579,1.857],0,1,8,0,0,0,255,0,0,0).
poly(,4,[-4.605,1.824,-4.63,1.691,-4.656,1.565,-4.67,1.506],0,1,8,0,0,0,255,0,0,0).
poly(,4,[-4.696,1.074,-4.714,1.022,-4.768,0.924,-4.824,0.814],0,1,8,0,0,0,255,0,0,0).
poly(,4,[-4.605,1.254,-4.628,1.179,-4.656,1.132,-4.696,1.074],0,1,0,0,0,0,255,0,0,0).
poly(,4,[-4.693,1.401,-4.695,1.328,-4.74,1.174,-4.784,1.078],0,1,0,0,0,0,255,0,0,0).
poly(,3,[-4.649,0.94,-4.665,0.889,-4.698,0.807],0,1,8,0,0,0,255,0,0,0).
poly(,3,[-4.574,0.882,-4.598,0.774,-4.635,0.641],0,1,8,0,0,0,255,0,0,0).
poly(,2,[-5.502,0.096,-5.294,0.162],0,1,8,0,0,0,0,0,255,0).
poly(,4,[-5.039,0.248,-4.778,0.375,-4.619,0.458,-4.518,0.526],0,1.1,0,0,0,0,0,0,255,0).
poly(,5,[-4.714,0.437,-4.555,0.531,-4.476,0.592,-4.427,0.644,-4.328,0.72],0,1.1,0,0,0,0,0,0,255,0).
poly(,15,[-4.268,0.762,-4.155,0.87,-4.018,0.978,-3.842,1.066,-3.753,1.128,-3.617,1.228,-3.47,1.342,-3.293,1.446,-3.063,1.583,-2.822,1.719,-2.706,1.773,-2.507,1.867,-2.341,1.974,-2.107,2.1,-1.855,2.234],0,1.1,0,0,0,0,0,0,255,0).
poly(,9,[-4.494,1.13,-4.37,1.219,-4.256,1.28,-4.177,1.319,-4.107,1.357,-3.983,1.431,-3.851,1.501,-3.721,1.555,-3.599,1.612],0,1,0,0,0,0,0,0,255,0).
poly(,4,[-4.794,0.936,-4.693,0.982,-4.628,1.027,-4.551,1.073],0,1,8,0,0,0,255,0,0,0).
poly(,2,[-4.497,1.118,-4.501,0.987],0,1,8,0,0,0,255,0,0,0).
poly(,6,[-4.125,1.644,-4.146,1.551,-4.176,1.494,-4.212,1.427,-4.244,1.368,-4.265,1.307],0,1,0,0,0,0,255,0,0,0).
poly(,3,[-4.153,2.002,-4.193,1.885,-4.256,1.701],0,1,8,0,0,0,255,0,0,0).
poly(,2,[-4.266,1.672,-4.294,1.614],0,1,8,0,0,0,255,0,0,0).
poly(,5,[-4.667,1.092,-4.551,1.184,-4.48,1.24,-4.403,1.296,-4.272,1.394],0,1,8,0,0,0,255,0,0,0).
poly(,4,[-4.698,0.924,-4.64,0.947,-4.597,0.959,-4.509,0.971],0,1,8,0,0,0,0,0,255,0).
poly(,2,[-5.046,1.158,-5.124,1.05],0,1,8,0,0,0,255,0,0,0).
poly(,2,[-4.95,1.193,-5.014,1.087],0,1,8,0,0,0,0,0,255,0).
poly(,5,[-5.053,1.163,-4.936,1.209,-4.84,1.259,-4.761,1.289,-4.714,1.31],0,1,8,0,0,0,0,0,255,0).
poly(,4,[-4.86,1.239,-4.805,1.249,-4.761,1.258,-4.731,1.265],0,1,8,0,0,0,0,0,255,0).
poly(,2,[-4.674,1.275,-4.63,1.294],0,1,8,0,0,0,0,0,255,0).
poly(,7,[-4.663,1.343,-4.691,1.254,-4.714,1.177,-4.74,1.102,-4.764,1.029,-4.794,0.969,-4.827,0.875],0,1,8,0,0,0,255,0,0,0).
poly(,2,[-4.88,0.798,-4.927,0.662],0,1,8,0,0,0,255,0,0,0).
poly(,2,[-4.847,0.788,-4.871,0.72],0,1,8,0,0,0,255,0,0,0).
poly(,4,[-4.127,1.525,-4.076,1.483,-4.034,1.439,-4.018,1.42],0,1,8,0,0,0,255,0,0,0).
poly(,5,[-3.996,1.397,-3.921,1.305,-3.873,1.247,-3.831,1.198,-3.762,1.144],0,1,8,0,0,0,255,0,0,0).
poly(,2,[-4.314,1.057,-4.24,0.95],0,1,8,0,0,0,255,0,0,0).
poly(,2,[-4.632,1.083,-4.651,1.027],0,1,8,0,0,0,255,0,0,0).
poly(,5,[-6.644,1.183,-6.447,1.237,-6.33,1.282,-6.248,1.324,-6.071,1.404],0,1,0,0,0,0,0,0,255,0).
poly(,8,[-6.429,1.773,-6.349,1.785,-6.27,1.771,-6.188,1.77,-6.089,1.782,-6.038,1.799,-5.984,1.813,-5.9,1.827],0,1,0,0,0,0,0,0,255,0).
poly(,15,[-5.437,3.845,-5.371,3.749,-5.304,3.66,-5.254,3.578,-5.203,3.489,-5.175,3.394,-5.152,3.332,-5.14,3.234,-5.138,3.138,-5.137,3.035,-5.133,2.9,-5.126,2.832,-5.123,2.75,-5.13,2.669,-5.138,2.558],0,1,8,0,0,0,255,0,0,0).
poly(,7,[-5.11,2.678,-5.102,2.603,-5.116,2.531,-5.116,2.489,-5.121,2.456,-5.144,2.411,-5.166,2.376],0,1,8,0,0,0,255,0,0,0).
poly(,3,[-5.103,2.669,-5.026,2.696,-4.951,2.722],0,1,8,0,0,0,0,128,0,0).
poly(,6,[-4.239,2.378,-4.279,2.241,-4.333,2.13,-4.357,2.081,-4.375,2.023,-4.391,1.943],0,1,8,0,0,0,255,0,0,0).
poly(,3,[-4.317,2.283,-4.342,2.182,-4.364,2.079],0,1,8,0,0,0,255,0,0,0).
poly(,4,[-4.197,1.824,-4.034,1.88,-3.917,1.925,-3.828,1.958],0,1,8,0,0,0,0,0,255,0).
poly(,2,[-3.884,2.025,-3.924,1.93],0,1,8,0,0,0,255,0,0,0).
poly(,4,[-3.971,1.988,-3.875,2.03,-3.816,2.06,-3.777,2.074],0,1,8,0,0,0,0,0,255,0).
poly(,5,[-3.66,2.112,-3.512,2.159,-3.314,2.224,-3.176,2.271,-3.043,2.316],0,1.2,8,0,0,0,0,0,255,0).
poly(,5,[-3.667,2.604,-3.713,2.563,-3.733,2.523,-3.753,2.493,-3.78,2.413],0,1,8,0,0,0,255,0,0,0).
poly(,2,[-3.805,2.316,-3.851,2.14],0,1,8,0,0,0,255,0,0,0).
poly(,13,[-6.33,1.529,-6.255,1.576,-6.209,1.591,-6.162,1.614,-6.106,1.656,-6.073,1.668,-6.038,1.696,-5.961,1.726,-5.933,1.735,-5.905,1.75,-5.855,1.77,-5.792,1.792,-5.743,1.794],0,1,0,0,0,0,0,0,255,0).
poly(,5,[-5.923,1.353,-5.863,1.394,-5.815,1.434,-5.788,1.461,-5.775,1.489],0,1,8,0,0,0,255,0,0,0).
poly(,8,[-5.913,1.816,-5.863,1.83,-5.806,1.846,-5.756,1.868,-5.705,1.884,-5.633,1.903,-5.544,1.928,-5.482,1.953],0,1,0,0,0,0,0,0,255,0).
poly(,3,[-5.878,1.906,-5.816,1.919,-5.718,1.946],0,1,0,0,0,0,0,0,255,0).
poly(,4,[-6.809,1.805,-6.704,1.803,-6.613,1.796,-6.551,1.785],0,1,8,0,0,0,0,0,255,0).
poly(,4,[-6.89,1.359,-6.732,1.422,-6.631,1.462,-6.494,1.52],0,1,8,0,0,0,0,0,255,0).
poly(,8,[-5.07,2.137,-4.955,2.195,-4.827,2.265,-4.714,2.308,-4.53,2.353,-4.398,2.383,-4.309,2.393,-4.199,2.415],0,1.2,0,0,0,0,0,0,255,0).
poly(,9,[-5.765,1.933,-5.687,1.949,-5.567,1.971,-5.479,1.994,-5.406,2.009,-5.371,2.027,-5.337,2.047,-5.249,2.076,-5.153,2.109],0,1,0,0,0,0,0,0,255,0).
poly(,9,[-6.524,1.973,-6.411,2.001,-6.315,2.016,-6.197,2.027,-6.112,2.032,-6.049,2.024,-5.991,2.032,-5.933,2.042,-5.861,2.049],0,1.2,0,0,0,0,0,0,255,0).
poly(,3,[-3.91,2.496,-3.856,2.526,-3.742,2.576],0,1,0,0,0,0,0,0,255,0).
poly(,10,[-4.463,2.268,-4.333,2.338,-4.247,2.385,-4.172,2.421,-4.091,2.455,-4.046,2.47,-3.963,2.483,-3.898,2.498,-3.846,2.513,-3.805,2.539],0,1.2,0,0,0,0,0,0,255,0).
poly(,9,[-3.836,2.543,-3.708,2.598,-3.602,2.642,-3.502,2.677,-3.442,2.704,-3.398,2.716,-3.368,2.716,-3.291,2.716,-3.25,2.717],0,1,0,0,0,0,0,0,255,0).
poly(,13,[-3.741,2.571,-3.713,2.574,-3.666,2.57,-3.621,2.573,-3.569,2.594,-3.516,2.624,-3.456,2.657,-3.386,2.686,-3.303,2.697,-3.205,2.726,-3.098,2.756,-3.019,2.787,-2.919,2.827],0,1,0,0,0,0,0,0,255,0).
poly(,3,[-4.696,2.164,-4.598,2.214,-4.513,2.254],0,1,0,0,0,0,0,0,255,0).
poly(,4,[-4.586,2.257,-4.506,2.282,-4.446,2.298,-4.348,2.337],0,1,0,0,0,0,0,0,255,0).
poly(,3,[-4.433,2.338,-4.362,2.36,-4.28,2.373],0,1,0,0,0,0,0,0,255,0).
poly(,6,[-5.842,3.132,-5.793,3.019,-5.726,2.928,-5.671,2.853,-5.613,2.769,-5.54,2.655],0,1,0,0,0,0,255,0,0,0).
poly(,3,[-5.507,2.626,-5.48,2.609,-5.454,2.564],0,1,0,0,0,0,255,0,0,0).
poly(,4,[-5.425,2.543,-5.381,2.483,-5.342,2.415,-5.314,2.386],0,1,0,0,0,0,255,0,0,0).
poly(,8,[-6.152,3.184,-6.099,3.108,-6.057,3.039,-5.979,2.971,-5.941,2.94,-5.869,2.843,-5.817,2.75,-5.784,2.632],0,1,0,0,0,0,255,0,0,0).
poly(,2,[-5.768,2.611,-5.768,2.572],0,1,0,0,0,0,255,0,0,0).
poly(,3,[-5.72,2.281,-5.733,2.219,-5.757,2.173],0,1,8,0,0,0,255,0,0,0).
poly(,5,[-5.801,2.074,-5.832,1.985,-5.867,1.925,-5.886,1.886,-5.9,1.836],0,1,8,0,0,0,255,0,0,0).
poly(,4,[-5.949,1.632,-5.954,1.601,-5.958,1.557,-5.962,1.514],0,1,8,0,0,0,255,0,0,0).
poly(,2,[-5.979,1.708,-5.985,1.653],0,1,8,0,0,0,255,0,0,0).
poly(,6,[-6.01,1.623,-5.979,1.545,-5.966,1.472,-5.954,1.4,-5.933,1.365,-5.919,1.315],0,1,8,0,0,0,255,0,0,0).
poly(,2,[-5.973,1.779,-5.962,1.735],0,1,8,0,0,0,255,0,0,0).
poly(,5,[-6.074,1.571,-6.043,1.493,-6.024,1.442,-6.017,1.392,-5.997,1.339],0,1,8,0,0,0,255,0,0,0).
poly(,4,[-5.997,1.24,-5.985,1.184,-5.971,1.145,-5.928,1.084],0,1,8,0,0,0,255,0,0,0).
poly(,3,[-5.936,1.252,-5.856,1.179,-5.784,1.117],0,1,8,0,0,0,255,0,0,0).
poly(,5,[-6.247,2.002,-6.221,1.927,-6.2,1.842,-6.189,1.805,-6.188,1.774],0,1,8,0,0,0,255,0,0,0).
poly(,5,[-6.184,1.756,-6.191,1.704,-6.198,1.676,-6.203,1.639,-6.21,1.594],0,1,8,0,0,0,255,0,0,0).
poly(,5,[-6.327,1.517,-6.331,1.46,-6.333,1.407,-6.324,1.36,-6.329,1.297],0,1,8,0,0,0,255,0,0,0).
poly(,3,[-6.404,1.519,-6.399,1.474,-6.394,1.407],0,1,8,0,0,0,255,0,0,0).
poly(,3,[-6.446,1.367,-6.409,1.388,-6.381,1.418],0,1,8,0,0,0,255,0,0,0).
poly(,3,[-6.446,1.346,-6.46,1.285,-6.477,1.236],0,1,8,0,0,0,255,0,0,0).
poly(,4,[-6.683,1.121,-6.669,1.034,-6.656,0.938,-6.642,0.889],0,1,8,0,0,0,255,0,0,0).
poly(,6,[-6.275,2.352,-6.235,2.287,-6.202,2.243,-6.151,2.196,-6.111,2.163,-6.072,2.126],0,1,8,0,0,0,255,0,0,0).
poly(,7,[-5.938,2.364,-5.894,2.304,-5.861,2.263,-5.804,2.212,-5.776,2.174,-5.75,2.13,-5.725,2.072],0,1,8,0,0,0,255,0,0,0).
poly(,3,[-5.921,2.455,-5.907,2.4,-5.896,2.338],0,1,8,0,0,0,255,0,0,0).
poly(,2,[-6.034,2.421,-5.997,2.381],0,1,8,0,0,0,255,0,0,0).
poly(,2,[-6.017,2.43,-5.985,2.383],0,1,8,0,0,0,255,0,0,0).
poly(,4,[-6.113,2.367,-6.022,2.376,-5.971,2.378,-5.928,2.38],0,1,8,0,0,0,0,128,0,0).
poly(,5,[-7.193,1.81,-7.184,1.774,-7.183,1.748,-7.193,1.721,-7.197,1.702],0,1,8,0,0,0,255,0,0,0).
poly(,5,[-7.125,1.851,-7.122,1.823,-7.12,1.795,-7.136,1.769,-7.157,1.73],0,1,8,0,0,0,255,0,0,0).
poly(,6,[-7.123,2.142,-7.116,2.104,-7.101,2.083,-7.094,2.057,-7.094,2.029,-7.092,1.982],0,1,8,0,0,0,255,0,0,0).
poly(,8,[-7.394,2.078,-7.415,2.016,-7.431,1.948,-7.439,1.891,-7.448,1.863,-7.474,1.835,-7.479,1.795,-7.485,1.753],0,1,8,0,0,0,255,0,0,0).
poly(,4,[-7.645,1.769,-7.649,1.751,-7.661,1.734,-7.661,1.711],0,1,8,0,0,0,255,0,0,0).
poly(,4,[-7.226,2.114,-7.242,2.051,-7.256,2.006,-7.27,1.968],0,1,8,0,0,0,255,0,0,0).
poly(,7,[-6.907,2.921,-6.788,2.802,-6.717,2.725,-6.659,2.669,-6.57,2.598,-6.519,2.545,-6.455,2.507],0,1,8,0,0,0,255,0,0,0).
poly(,4,[-7.605,4.7,-7.585,4.631,-7.554,4.553,-7.53,4.502],0,1,8,0,0,0,255,0,0,0).
poly(,4,[-7.561,4.434,-7.532,4.349,-7.512,4.294,-7.474,4.236],0,1,8,0,0,0,255,0,0,0).
poly(,3,[-7.446,4.177,-7.414,4.112,-7.392,4.057],0,1,8,0,0,0,255,0,0,0).
poly(,3,[-6.397,2.497,-6.37,2.46,-6.349,2.442],0,1,8,0,0,0,255,0,0,0).
poly(,4,[-7.248,2.254,-7.263,2.221,-7.275,2.177,-7.304,2.132],0,1,8,0,0,0,255,0,0,0).
poly(,7,[-7.508,2.236,-7.427,2.245,-7.361,2.249,-7.283,2.264,-7.224,2.27,-7.128,2.288,-7.044,2.293],0,1,8,0,0,0,0,128,0,0).
poly(,5,[-7.38,2.416,-7.283,2.421,-7.212,2.436,-7.165,2.431,-7.147,2.431],0,1,8,0,0,0,0,128,0,0).
poly(,2,[-6.349,2.424,-6.328,2.377],0,1,8,0,0,0,255,0,0,0).
poly(,2,[-6.451,2.302,-6.435,2.243],0,1,8,0,0,0,255,0,0,0).
poly(,5,[-6.396,2.342,-6.38,2.312,-6.374,2.288,-6.361,2.266,-6.349,2.215],0,1,8,0,0,0,255,0,0,0).
poly(,6,[-6.293,2.338,-6.289,2.305,-6.284,2.27,-6.287,2.234,-6.281,2.186,-6.272,2.153],0,1,8,0,0,0,255,0,0,0).
poly(,7,[-6.275,2.127,-6.164,2.124,-6.069,2.127,-6.026,2.139,-5.981,2.157,-5.911,2.187,-5.826,2.213],0,1,0,0,0,0,0,128,0,0).
poly(,3,[-5.808,2.23,-5.77,2.24,-5.738,2.24],0,1,0,0,0,0,0,128,0,0).
poly(,10,[-5.714,2.24,-5.645,2.257,-5.59,2.276,-5.548,2.29,-5.484,2.294,-5.385,2.297,-5.325,2.309,-5.269,2.326,-5.233,2.342,-5.194,2.357],0,1,0,0,0,0,0,128,0,0).
poly(,6,[-5.161,2.368,-5.092,2.383,-5.008,2.395,-4.933,2.401,-4.869,2.399,-4.803,2.396],0,1,0,0,0,0,0,128,0,0).
poly(,5,[-5.704,2.287,-5.635,2.314,-5.605,2.327,-5.548,2.347,-5.453,2.371],0,1,8,0,0,0,0,128,0,0).
poly(,3,[-5.905,2.335,-5.814,2.341,-5.753,2.342],0,1,8,0,0,0,0,128,0,0).
poly(,6,[-5.809,2.317,-5.71,2.35,-5.612,2.378,-5.538,2.393,-5.436,2.402,-5.352,2.396],0,1,8,0,0,0,0,128,0,0).
poly(,4,[-6.141,2.2,-6.066,2.201,-6.003,2.198,-5.931,2.187],0,1,8,0,0,0,0,128,0,0).
poly(,4,[-5.872,2.29,-5.821,2.29,-5.769,2.296,-5.722,2.293],0,1,8,0,0,0,0,128,0,0).
poly(,4,[-6.104,2.281,-6.03,2.278,-5.975,2.279,-5.889,2.269],0,1,8,0,0,0,0,128,0,0).
poly(,3,[-6.269,2.166,-6.224,2.165,-6.185,2.156],0,1,8,0,0,0,0,128,0,0).
poly(,3,[-6.265,2.193,-6.224,2.192,-6.185,2.187],0,1,8,0,0,0,0,128,0,0).
poly(,3,[-6.32,2.193,-6.278,2.15,-6.248,2.133],0,1,8,0,0,0,255,0,0,0).
poly(,3,[-6.364,2.215,-6.344,2.175,-6.325,2.135],0,1,8,0,0,0,255,0,0,0).
poly(,3,[-6.128,2.344,-6.066,2.317,-6.012,2.29],0,1,8,0,0,0,255,0,0,0).
poly(,2,[-6.403,2.413,-6.382,2.368],0,1,8,0,0,0,255,0,0,0).
poly(,3,[-6.456,2.608,-6.421,2.559,-6.391,2.524],0,1,8,0,0,0,255,0,0,0).
poly(,2,[-6.05,2.56,-6.026,2.515],0,1,8,0,0,0,255,0,0,0).
poly(,2,[-6.027,2.496,-6.009,2.455],0,1,8,0,0,0,255,0,0,0).
poly(,3,[-5.704,2.145,-5.541,2.178,-5.366,2.215],0,1,8,0,0,0,0,0,255,0).
poly(,3,[-5.148,2.303,-4.987,2.348,-4.841,2.396],0,1,8,0,0,0,0,0,255,0).
poly(,5,[-4.948,2.329,-4.871,2.353,-4.812,2.384,-4.761,2.41,-4.68,2.425],0,1,8,0,0,0,0,0,255,0).
poly(,5,[-4.788,2.357,-4.675,2.393,-4.576,2.422,-4.501,2.443,-4.379,2.484],0,1,8,0,0,0,0,0,255,0).
poly(,2,[-4.851,2.288,-4.86,2.257],0,1,8,0,0,0,255,0,0,0).
poly(,3,[-5.071,1.836,-5.071,1.753,-5.08,1.64],0,1,8,0,0,0,255,0,0,0).
poly(,3,[-5.104,1.56,-5.107,1.487,-5.119,1.418],0,1,8,0,0,0,255,0,0,0).
poly(,3,[-4.818,1.565,-4.838,1.524,-4.875,1.464],0,1,8,0,0,0,255,0,0,0).
poly(,2,[-4.896,1.412,-4.942,1.339],0,1,8,0,0,0,255,0,0,0).
poly(,5,[-5.305,2.395,-5.29,2.378,-5.274,2.369,-5.26,2.359,-5.257,2.338],0,1,8,0,0,0,255,0,0,0).
poly(,2,[-5.253,2.32,-5.245,2.275],0,1,8,0,0,0,255,0,0,0).
poly(,3,[-5.331,2.415,-5.263,2.443,-5.224,2.448],0,1,0,0,0,0,0,128,0,0).
poly(,3,[-5.211,2.451,-5.166,2.463,-5.129,2.463],0,1,0,0,0,0,0,128,0,0).
poly(,6,[-5.11,2.47,-5.047,2.484,-5,2.505,-4.945,2.524,-4.898,2.536,-4.86,2.542],0,1,0,0,0,0,0,128,0,0).
poly(,3,[-5.005,2.493,-4.924,2.514,-4.851,2.53],0,1,0,0,0,0,0,128,0,0).
poly(,9,[-4.83,2.544,-4.751,2.581,-4.689,2.611,-4.632,2.646,-4.579,2.679,-4.545,2.702,-4.509,2.73,-4.474,2.759,-4.441,2.799],0,1,0,0,0,0,0,128,0,0).
poly(,4,[-4.8,2.545,-4.695,2.566,-4.608,2.577,-4.512,2.58],0,1,0,0,0,0,0,128,0,0).
poly(,4,[-4.722,2.58,-4.615,2.601,-4.533,2.608,-4.423,2.605],0,1,8,0,0,0,0,128,0,0).
poly(,6,[-5.102,2.584,-5.027,2.608,-4.976,2.633,-4.904,2.651,-4.808,2.661,-4.686,2.666],0,1,0,0,0,0,0,128,0,0).
poly(,4,[-4.79,2.723,-4.629,2.787,-4.539,2.824,-4.417,2.867],0,1,0,0,0,0,0,128,0,0).
poly(,2,[-4.802,2.763,-4.684,2.808],0,1,0,0,0,0,0,128,0,0).
poly(,2,[-5.514,3.171,-5.498,3.118],0,1,8,0,0,0,255,0,0,0).
poly(,6,[-5.648,3.105,-5.555,3.115,-5.499,3.115,-5.429,3.129,-5.326,3.157,-5.175,3.193],0,1,8,0,0,0,0,128,0,0).
poly(,6,[-5.484,3.1,-5.445,3.072,-5.424,3.052,-5.396,3.016,-5.376,2.989,-5.36,2.962],0,1,8,0,0,0,255,0,0,0).
poly(,8,[-5.674,3.184,-5.603,3.19,-5.538,3.184,-5.46,3.192,-5.375,3.202,-5.301,3.205,-5.23,3.214,-5.175,3.226],0,1,0,0,0,0,0,128,0,0).
poly(,3,[-6.511,3.201,-6.433,3.228,-6.365,3.24],0,1,8,0,0,0,0,128,0,0).
poly(,5,[-6.245,3.219,-6.165,3.231,-6.107,3.232,-6.057,3.228,-5.914,3.216],0,1,8,0,0,0,0,128,0,0).
poly(,3,[-6.968,3.614,-6.961,3.503,-6.955,3.434],0,1,8,0,0,0,255,0,0,0).
poly(,4,[-6.92,3.625,-6.905,3.572,-6.901,3.52,-6.896,3.488],0,1,8,0,0,0,255,0,0,0).
poly(,2,[-7.072,3.461,-7.053,3.368],0,1,8,0,0,0,255,0,0,0).
poly(,8,[-5.546,3.366,-5.496,3.338,-5.463,3.321,-5.444,3.303,-5.424,3.282,-5.409,3.26,-5.39,3.235,-5.352,3.205],0,1,8,0,0,0,255,0,0,0).
poly(,6,[-5.908,3.39,-5.785,3.423,-5.72,3.429,-5.665,3.438,-5.557,3.464,-5.49,3.482],0,1,8,0,0,0,0,128,0,0).
poly(,8,[-5.475,4.173,-5.506,4.083,-5.543,4.007,-5.546,3.95,-5.571,3.857,-5.595,3.77,-5.612,3.703,-5.622,3.66],0,1,8,0,0,0,255,0,0,0).
poly(,4,[-5.623,3.622,-5.638,3.548,-5.659,3.486,-5.679,3.443],0,1,8,0,0,0,255,0,0,0).
poly(,5,[-5.421,4.426,-5.431,4.38,-5.434,4.338,-5.447,4.277,-5.456,4.216],0,1,8,0,0,0,255,0,0,0).
poly(,6,[-5.308,5.116,-5.323,5.055,-5.341,4.928,-5.36,4.841,-5.368,4.775,-5.378,4.699],0,1,8,0,0,0,255,0,0,0).
poly(,3,[-5.819,5.26,-5.824,5.189,-5.83,5.134],0,1,0,0,0,0,255,0,0,0).
poly(,8,[-5.85,5.078,-5.858,5.017,-5.878,4.946,-5.893,4.867,-5.908,4.801,-5.921,4.741,-5.934,4.668,-5.936,4.609],0,1,0,0,0,0,255,0,0,0).
poly(,6,[-5.942,4.569,-5.957,4.479,-5.97,4.398,-5.982,4.338,-5.992,4.278,-6.003,4.196],0,1,0,0,0,0,255,0,0,0).
poly(,11,[-6.337,4.461,-6.207,4.37,-6.087,4.265,-6.018,4.201,-5.941,4.134,-5.826,4.042,-5.72,3.956,-5.661,3.879,-5.633,3.805,-5.625,3.744,-5.623,3.681],0,1,0,0,0,0,255,0,0,0).
poly(,4,[-5.967,4.162,-5.878,4.109,-5.803,4.063,-5.76,4.032],0,1,0,0,0,0,255,0,0,0).
poly(,6,[-6.607,4.237,-6.562,4.255,-6.524,4.257,-6.495,4.249,-6.46,4.259,-6.413,4.267],0,1,0,0,0,0,255,0,255,0).
poly(,3,[-6.519,4.407,-6.472,4.338,-6.421,4.285],0,1,0,0,0,0,255,0,0,0).
poly(,10,[-6.411,4.247,-6.367,4.18,-6.324,4.134,-6.289,4.107,-6.253,4.073,-6.214,4.038,-6.189,3.997,-6.158,3.95,-6.123,3.892,-6.094,3.831],0,1,0,0,0,0,255,0,0,0).
poly(,3,[-5.918,4.065,-5.88,3.996,-5.845,3.931],0,1,8,0,0,0,255,0,0,0).
poly(,5,[-5.921,3.629,-5.857,3.553,-5.811,3.506,-5.781,3.466,-5.761,3.436],0,1,8,0,0,0,255,0,0,0).
poly(,5,[-5.75,3.412,-5.755,3.359,-5.755,3.315,-5.76,3.279,-5.755,3.226],0,1,8,0,0,0,255,0,0,0).
poly(,3,[-5.794,3.28,-5.798,3.242,-5.826,3.17],0,1,8,0,0,0,255,0,0,0).
poly(,5,[-5.96,3.599,-5.904,3.55,-5.881,3.507,-5.87,3.469,-5.852,3.428],0,1,8,0,0,0,255,0,0,0).
poly(,3,[-5.929,3.678,-5.863,3.686,-5.766,3.698],0,1,8,0,0,0,255,0,255,0).
poly(,4,[-5.434,3.44,-5.352,3.466,-5.283,3.487,-5.22,3.499],0,1,8,0,0,0,0,128,0,0).
poly(,5,[-5.76,3.201,-5.691,3.214,-5.6,3.247,-5.523,3.28,-5.462,3.308],0,1,8,0,0,0,0,128,0,0).
poly(,2,[-5.439,3.33,-5.34,3.367],0,1,8,0,0,0,0,128,0,0).
poly(,6,[-5.779,4.056,-5.704,4.091,-5.625,4.139,-5.576,4.167,-5.511,4.195,-5.46,4.221],0,1,0,0,0,0,255,0,255,0).
poly(,4,[-5.442,4.232,-5.349,4.28,-5.296,4.296,-5.199,4.347],0,1,0,0,0,0,255,0,255,0).
poly(,5,[-5.215,4.37,-5.076,4.44,-4.998,4.476,-4.938,4.489,-4.888,4.505],0,1,0,0,0,0,255,0,255,0).
poly(,13,[-5.599,4.357,-5.498,4.397,-5.442,4.428,-5.363,4.474,-5.301,4.514,-5.212,4.551,-5.156,4.568,-5.109,4.574,-4.993,4.609,-4.813,4.665,-4.683,4.698,-4.548,4.737,-4.446,4.767],0,1,8,0,0,0,255,0,255,0).
poly(,12,[-4.729,4.733,-4.516,4.788,-4.41,4.816,-4.214,4.87,-4.115,4.885,-4.022,4.915,-3.844,4.972,-3.661,5.023,-3.531,5.064,-3.464,5.076,-3.365,5.087,-3.211,5.153],0,1.2,8,0,0,0,255,0,255,0).
poly(,3,[-5.421,4.597,-5.372,4.612,-5.284,4.642],0,1,8,0,0,0,255,0,255,0).
poly(,4,[-7.181,5.134,-7.159,5.071,-7.116,5.005,-7.069,4.939],0,1,8,0,0,0,255,0,0,0).
poly(,3,[-6.727,4.657,-6.705,4.599,-6.689,4.556],0,1,8,0,0,0,255,0,0,0).
poly(,4,[-6.367,4.717,-6.324,4.662,-6.289,4.622,-6.266,4.586],0,1,8,0,0,0,255,0,0,0).
poly(,3,[-5.849,4.453,-5.853,4.392,-5.855,4.334],0,1,8,0,0,0,255,0,0,0).
poly(,3,[-5.71,4.824,-5.638,4.75,-5.566,4.688],0,1,0,0,0,0,255,0,0,0).
poly(,3,[-5.733,5.251,-5.581,5.076,-5.411,4.858],0,1,0,0,0,0,255,0,0,0).
poly(,4,[-6.334,5.947,-6.221,5.787,-6.138,5.689,-6.007,5.526],0,1,8,0,0,0,255,0,0,0).
poly(,4,[-3.388,5.922,-3.134,5.987,-2.611,6.169,-2.505,6.21],0,1,8,0,0,0,255,0,255,0).
poly(,4,[-4.677,5.503,-4.186,5.653,-3.711,5.787,-3.416,5.889],0,1,8,0,0,0,255,0,255,0).
poly(,4,[-5.983,4.202,-5.786,4.351,-5.617,4.439,-5.487,4.491],0,1,8,0,0,0,255,0,255,0).
poly(,3,[-5.336,4.804,-5.295,4.744,-5.264,4.705],0,1,8,0,0,0,255,0,0,0).
poly(,3,[-5.287,4.662,-5.258,4.629,-5.231,4.604],0,1,8,0,0,0,255,0,0,0).
poly(,3,[-5.316,4.556,-5.214,4.598,-5.109,4.642],0,1,8,0,0,0,255,0,255,0).
poly(,3,[-5.245,4.687,-5.214,4.66,-5.183,4.621],0,1,8,0,0,0,255,0,0,0).
poly(,3,[-5.285,4.903,-5.264,4.869,-5.247,4.846],0,1,8,0,0,0,255,0,0,0).
poly(,4,[-5.818,5.063,-5.721,4.965,-5.625,4.882,-5.567,4.83],0,1,8,0,0,0,255,0,0,0).
poly(,12,[-5.864,6.183,-5.832,6.039,-5.793,5.926,-5.763,5.851,-5.732,5.747,-5.69,5.678,-5.659,5.602,-5.661,5.542,-5.657,5.481,-5.64,5.375,-5.621,5.27,-5.584,5.114],0,1,8,0,0,0,255,0,0,0).
poly(,5,[-5.542,6.287,-5.573,6.156,-5.613,6.012,-5.65,5.872,-5.688,5.757],0,1,8,0,0,0,255,0,0,0).
poly(,5,[-4.69,5.454,-4.475,5.515,-4.318,5.575,-4.216,5.606,-4.124,5.657],0,1,8,0,0,0,255,0,255,0).
poly(,8,[-4.727,5.462,-4.725,5.379,-4.721,5.302,-4.732,5.205,-4.752,5.134,-4.771,5.068,-4.809,5.009,-4.842,4.898],0,1,0,0,0,0,255,0,0,0).
poly(,9,[-5.007,5.354,-4.921,5.364,-4.85,5.379,-4.786,5.393,-4.752,5.404,-4.732,5.417,-4.713,5.441,-4.69,5.475,-4.685,5.504],0,1,8,0,0,0,255,0,255,0).
poly(,5,[-5.304,5.139,-5.107,5.145,-4.978,5.155,-4.869,5.164,-4.779,5.178],0,1,8,0,0,0,255,0,255,0).
poly(,6,[-5.542,5.429,-5.5,5.325,-5.469,5.26,-5.408,5.193,-5.371,5.16,-5.325,5.132],0,1,8,0,0,0,255,0,0,0).
poly(,4,[-5.205,3.509,-5.135,3.509,-5.047,3.514,-4.958,3.526],0,1,0,0,0,0,0,128,0,0).
poly(,7,[-4.954,3.526,-4.822,3.543,-4.653,3.587,-4.494,3.624,-4.331,3.65,-4.204,3.676,-4.054,3.707],0,1,8,0,0,0,0,128,0,0).
poly(,11,[-5.56,4.161,-5.484,4.175,-5.422,4.217,-5.354,4.257,-5.288,4.277,-5.245,4.285,-5.177,4.348,-5.136,4.349,-5.078,4.385,-5.02,4.423,-4.922,4.472],0,1,8,0,0,0,255,0,255,0).
poly(,4,[-4.764,4.038,-4.774,3.946,-4.79,3.894,-4.794,3.839],0,1,8,0,0,0,255,0,0,0).
poly(,7,[-4.779,3.839,-4.791,3.806,-4.791,3.762,-4.794,3.728,-4.791,3.701,-4.788,3.63,-4.79,3.575],0,1,8,0,0,0,255,0,0,0).
poly(,7,[-4.685,3.81,-4.705,3.754,-4.728,3.713,-4.747,3.69,-4.754,3.653,-4.762,3.613,-4.776,3.57],0,1,8,0,0,0,255,0,0,0).
poly(,3,[-4.782,3.546,-4.794,3.506,-4.813,3.451],0,1,8,0,0,0,255,0,0,0).
poly(,7,[-5.121,3.265,-4.997,3.319,-4.92,3.369,-4.856,3.411,-4.816,3.441,-4.784,3.474,-4.754,3.54],0,1,8,0,0,0,255,0,0,0).
poly(,6,[-5.106,3.271,-4.971,3.29,-4.885,3.313,-4.797,3.339,-4.736,3.353,-4.672,3.372],0,1,8,0,0,0,0,128,0,0).
poly(,7,[-5.199,3.527,-5.107,3.558,-5.024,3.596,-4.958,3.63,-4.914,3.656,-4.856,3.691,-4.804,3.724],0,1,8,0,0,0,0,128,0,0).
poly(,3,[-5.61,3.661,-5.497,3.696,-5.376,3.745],0,1,0,0,0,0,255,0,255,0).
poly(,13,[-4.103,4.484,-4.163,4.452,-4.281,4.388,-4.357,4.345,-4.411,4.316,-4.523,4.26,-4.62,4.201,-4.667,4.176,-4.782,4.104,-4.899,4.029,-5.041,3.935,-5.182,3.842,-5.336,3.733],0,1,0,0,0,0,255,0,255,0).
poly(,6,[-4.626,4.504,-4.633,4.421,-4.641,4.382,-4.636,4.336,-4.623,4.283,-4.618,4.237],0,1,8,0,0,0,255,0,0,0).
poly(,9,[-4.673,4.155,-4.65,4.102,-4.643,4.038,-4.624,3.969,-4.627,3.903,-4.627,3.837,-4.633,3.771,-4.635,3.699,-4.616,3.61],0,1,8,0,0,0,255,0,0,0).
poly(,3,[-4.598,3.587,-4.578,3.527,-4.564,3.471],0,1,8,0,0,0,255,0,0,0).
poly(,11,[-4.915,3.365,-4.837,3.383,-4.756,3.402,-4.667,3.432,-4.564,3.464,-4.449,3.492,-4.333,3.526,-4.219,3.549,-4.075,3.576,-3.978,3.592,-3.85,3.61],0,1,0,0,0,0,0,128,0,0).
poly(,5,[-4.627,4.184,-4.6,4.128,-4.593,4.07,-4.58,4.018,-4.572,3.909],0,1,8,0,0,0,255,0,0,0).
poly(,7,[-4.403,4.299,-4.394,4.227,-4.38,4.184,-4.36,4.13,-4.351,4.079,-4.351,4.023,-4.362,3.957],0,1,8,0,0,0,255,0,0,0).
poly(,5,[-4.376,3.967,-4.383,3.915,-4.38,3.882,-4.391,3.843,-4.431,3.733],0,1,8,0,0,0,255,0,0,0).
poly(,4,[-4.4,4.616,-4.389,4.53,-4.388,4.46,-4.388,4.357],0,1,8,0,0,0,255,0,0,0).
poly(,3,[-4.34,4.533,-4.351,4.469,-4.368,4.343],0,1,8,0,0,0,255,0,0,0).
poly(,5,[-4.379,4.305,-4.376,4.233,-4.357,4.187,-4.337,4.147,-4.336,4.104],0,1,8,0,0,0,255,0,0,0).
poly(,8,[-4.032,4.285,-3.991,4.179,-3.971,4.104,-3.954,4.052,-3.937,4.001,-3.92,3.925,-3.914,3.895,-3.925,3.799],0,1,8,0,0,0,255,0,0,0).
poly(,6,[-4.077,4.271,-4.038,4.17,-4.001,4.076,-3.997,4.041,-3.975,3.992,-3.952,3.923],0,1,8,0,0,0,255,0,0,0).
poly(,3,[-4.078,4.533,-4.095,4.487,-4.092,4.44],0,1,8,0,0,0,255,0,0,0).
poly(,4,[-3.84,4.09,-3.834,4.001,-3.839,3.926,-3.85,3.871],0,1,8,0,0,0,255,0,0,0).
poly(,3,[-3.969,3.866,-3.994,3.806,-4.006,3.768],0,1,8,0,0,0,255,0,0,0).
poly(,7,[-4.097,5.102,-3.779,5.188,-3.578,5.25,-3.397,5.289,-3.233,5.319,-3.069,5.354,-2.859,5.418],0,1,8,0,0,0,255,0,255,0).
poly(,10,[-2.854,5.421,-2.7,5.475,-2.545,5.547,-2.368,5.604,-2.221,5.639,-2.019,5.728,-1.825,5.8,-1.629,5.877,-1.437,5.952,-1.115,6.075],0,1.2,0,0,0,0,255,0,255,0).
poly(,8,[-4.356,4.391,-4.248,4.46,-4.143,4.515,-4.072,4.552,-3.811,4.671,-3.666,4.742,-3.518,4.812,-3.356,4.888],0,1,8,0,0,0,255,0,255,0).
poly(,3,[-3.365,4.857,-3.203,4.918,-3.069,4.984],0,1,8,0,0,0,255,0,0,0).
poly(,4,[-3.722,4.889,-3.733,4.806,-3.733,4.773,-3.752,4.714],0,1,8,0,0,0,255,0,0,0).
poly(,3,[-3.138,5.046,-3.144,5.003,-3.173,4.957],0,1,8,0,0,0,255,0,0,0).
poly(,4,[-3.945,4.814,-3.955,4.745,-3.966,4.691,-3.992,4.605],0,1,8,0,0,0,255,0,0,0).
poly(,3,[-4.067,4.509,-3.997,4.556,-3.972,4.576],0,1,8,0,0,0,255,0,0,0).
poly(,4,[-4.705,4.171,-4.552,4.263,-4.449,4.325,-4.399,4.363],0,1,8,0,0,0,255,0,255,0).
poly(,4,[-3.097,5.064,-3.106,5.026,-3.114,4.995,-3.129,4.967],0,1,8,0,0,0,255,0,0,0).
poly(,5,[-5.179,3.452,-5.112,3.461,-5.055,3.466,-5.031,3.474,-4.986,3.487],0,1,8,0,0,0,0,128,0,0).
poly(,6,[-4.435,2.88,-4.334,2.906,-4.253,2.915,-4.156,2.935,-4.11,2.937,-4.052,2.929],0,1,0,0,0,0,0,128,0,0).
poly(,6,[-4.112,2.938,-4.055,2.966,-3.96,3.004,-3.874,3.04,-3.799,3.066,-3.727,3.087],0,1,0,0,0,0,0,128,0,0).
poly(,18,[-1.792,3.334,-1.928,3.297,-2.083,3.273,-2.238,3.254,-2.42,3.221,-2.577,3.193,-2.698,3.179,-2.825,3.152,-2.985,3.147,-3.069,3.148,-3.14,3.127,-3.275,3.087,-3.393,3.063,-3.511,3.024,-3.646,2.995,-3.782,2.957,-3.886,2.906,-4.066,2.837],0,1,0,0,0,0,0,128,0,0).
poly(,15,[-2.016,3.159,-1.989,3.182,-1.91,3.208,-1.805,3.25,-1.721,3.299,-1.631,3.331,-1.572,3.356,-1.529,3.379,-1.505,3.386,-1.445,3.414,-1.393,3.443,-1.312,3.468,-1.278,3.478,-1.258,3.486,-1.249,3.498],0,1,0,0,0,0,0,0,255,0).
poly(,5,[-1.279,3.483,-1.256,3.501,-1.181,3.527,-1.026,3.587,-0.97,3.615],0,1,0,0,0,0,0,0,255,0).
poly(,11,[-4.334,2.466,-4.271,2.485,-4.236,2.5,-4.205,2.523,-4.163,2.543,-4.108,2.566,-4.054,2.587,-4.025,2.604,-3.998,2.62,-3.98,2.641,-3.958,2.665],0,1.1,0,0,0,0,0,0,255,0).
poly(,4,[-3.735,2.756,-3.614,2.774,-3.48,2.791,-3.388,2.804],0,1,0,0,0,0,0,0,255,0).
poly(,10,[-3.719,2.718,-3.635,2.745,-3.52,2.764,-3.377,2.785,-3.244,2.805,-3.12,2.833,-3.017,2.865,-2.91,2.896,-2.824,2.905,-2.693,2.94],0,1,0,0,0,0,0,0,255,0).
poly(,12,[-3.204,2.675,-3.055,2.724,-2.966,2.751,-2.897,2.761,-2.772,2.787,-2.643,2.813,-2.523,2.846,-2.407,2.889,-2.293,2.923,-2.23,2.949,-2.124,2.989,-2.017,3.037],0,1.2,0,0,0,0,0,0,255,0).
poly(,5,[-2.387,2.917,-2.308,2.952,-2.212,2.989,-2.137,3.009,-2.032,3.04],0,1,0,0,0,0,0,0,255,0).
poly(,5,[-2.594,2.883,-2.486,2.914,-2.431,2.926,-2.385,2.946,-2.359,2.958],0,1,0,0,0,0,0,0,255,0).
poly(,4,[-2.532,2.92,-2.448,2.937,-2.394,2.954,-2.345,2.986],0,1,0,0,0,0,0,0,255,0).
poly(,12,[-2.017,3.029,-1.928,3.05,-1.827,3.081,-1.701,3.13,-1.617,3.167,-1.513,3.201,-1.425,3.224,-1.342,3.242,-1.278,3.273,-1.194,3.305,-1.12,3.326,-1.08,3.343],0,1.2,0,0,0,0,0,0,255,0).
poly(,7,[-2.417,2.96,-2.365,2.988,-2.305,3.027,-2.238,3.055,-2.158,3.083,-2.105,3.104,-2.054,3.132],0,1,0,0,0,0,0,0,255,0).
poly(,8,[-2.407,3.03,-2.253,3.08,-2.131,3.115,-2.046,3.145,-1.947,3.178,-1.842,3.204,-1.746,3.239,-1.631,3.284],0,1,0,0,0,0,0,0,255,0).
poly(,4,[-1.536,3.316,-1.45,3.345,-1.348,3.379,-1.223,3.417],0,1,8,0,0,0,0,0,255,0).
poly(,7,[-1.715,3.307,-1.689,3.328,-1.66,3.365,-1.595,3.399,-1.511,3.432,-1.474,3.451,-1.428,3.48],0,1,0,0,0,0,0,0,255,0).
poly(,5,[-1.509,3.422,-1.431,3.454,-1.379,3.484,-1.333,3.514,-1.302,3.553],0,1,0,0,0,0,0,0,255,0).
poly(,8,[-1.105,3.641,-1.052,3.667,-1.022,3.691,-1,3.716,-0.96,3.754,-0.879,3.794,-0.815,3.825,-0.743,3.848],0,1,0,0,0,0,0,0,255,0).
poly(,8,[-1.54,3.428,-1.513,3.455,-1.485,3.486,-1.462,3.512,-1.407,3.541,-1.319,3.567,-1.246,3.595,-1.171,3.632],0,1,0,0,0,0,0,0,255,0).
poly(,3,[-1.204,3.601,-1.149,3.624,-1.103,3.659],0,1,0,0,0,0,0,0,255,0).
poly(,3,[-1.137,3.699,-1.325,3.633,-1.263,3.682],0,4,0,0,0,0,255,255,0,0).
poly(,5,[-1.359,3.494,-1.31,3.509,-1.279,3.517,-1.253,3.54,-1.233,3.579],0,1,0,0,0,0,0,0,255,0).
poly(,15,[-1.832,3.238,-1.809,3.259,-1.796,3.287,-1.784,3.314,-1.767,3.336,-1.773,3.341,-1.725,3.356,-1.707,3.372,-1.677,3.392,-1.644,3.42,-1.611,3.429,-1.569,3.44,-1.537,3.46,-1.503,3.488,-1.471,3.51],0,1,8,0,0,0,0,0,255,0).
poly(,9,[-4.118,2.868,-3.934,2.926,-3.834,2.966,-3.707,3.014,-3.517,3.073,-3.385,3.129,-3.189,3.176,-3.081,3.205,-2.954,3.233],0,1,0,0,0,0,0,128,0,0).
poly(,4,[-4.472,2.727,-4.354,2.758,-4.276,2.785,-4.136,2.839],0,1,8,0,0,0,0,128,0,0).
poly(,4,[-3.635,2.36,-3.494,2.423,-3.362,2.477,-3.238,2.532],0,1,8,0,0,0,0,0,255,0).
poly(,2,[-3.163,2.379,-3.014,2.462],0,1,8,0,0,0,0,0,255,0).
poly(,5,[-4.173,3.211,-4.186,3.104,-4.195,3.027,-4.205,2.968,-4.209,2.932],0,1,8,0,0,0,255,0,0,0).
poly(,17,[-4.193,2.966,-4.081,3.03,-3.903,3.132,-3.722,3.233,-3.572,3.319,-3.414,3.402,-3.23,3.487,-3.017,3.581,-2.813,3.647,-2.695,3.681,-2.58,3.731,-2.45,3.791,-2.292,3.869,-2.141,3.958,-2.089,3.987,-2.048,4.004,-2.016,4.033],0,1,0,0,0,0,0,128,0,0).
poly(,5,[-2.937,3.619,-2.798,3.679,-2.65,3.737,-2.523,3.782,-2.402,3.82],0,1,8,0,0,0,0,128,0,0).
poly(,5,[-4.584,3.639,-4.414,3.668,-4.267,3.687,-4.152,3.701,-4.055,3.714],0,1,8,0,0,0,0,128,0,0).
poly(,13,[-3.584,3.856,-3.462,3.877,-3.318,3.906,-3.203,3.926,-3.117,3.954,-3.091,3.96,-3.063,3.96,-2.963,3.981,-2.819,4.027,-2.615,4.078,-2.411,4.13,-2.181,4.193,-2.031,4.228],0,1,0,0,0,0,0,128,0,0).
poly(,4,[-3.825,3.639,-3.62,3.695,-3.408,3.77,-3.307,3.797],0,1,0,0,0,0,0,128,0,0).
poly(,3,[-2.976,3.647,-3.172,3.566,-3.112,3.619],0,4,0,0,0,0,255,255,0,0).
poly(,5,[-3.994,2.972,-3.821,3.029,-3.702,3.064,-3.646,3.083,-3.535,3.081],0,1,8,0,0,0,0,128,0,0).
poly(,4,[-0.436,4.179,-0.342,4.245,-0.283,4.311,-0.223,4.375],0,1,0,0,0,0,255,0,0,0).
poly(,3,[-1.151,3.84,-0.907,3.958,-0.835,3.994],0,1,0,0,0,0,0,128,0,0).
poly(,9,[-2.865,3.237,-2.595,3.324,-2.425,3.389,-2.232,3.443,-2.083,3.489,-1.942,3.535,-1.833,3.561,-1.715,3.578,-1.651,3.581],0,1.2,8,0,0,0,0,128,0,0).
poly(,8,[-2.117,3.486,-2.051,3.535,-1.983,3.599,-1.92,3.656,-1.847,3.711,-1.755,3.777,-1.674,3.811,-1.618,3.825],0,1,8,0,0,0,0,128,0,0).
poly(,13,[-1.635,3.854,-1.545,3.871,-1.485,3.874,-1.43,3.869,-1.365,3.885,-1.272,3.918,-1.224,3.92,-1.166,3.925,-1.097,3.952,-0.997,3.989,-0.907,4.001,-0.786,4.027,-0.623,4.077],0,1.2,8,0,0,0,0,128,0,0).
poly(,4,[-1.514,3.774,-1.324,3.843,-1.155,3.9,-1,3.957],0,1,8,0,0,0,0,128,0,0).
poly(,3,[-1.675,3.601,-1.572,3.641,-1.471,3.688],0,1,8,0,0,0,0,128,0,0).
poly(,4,[-1.634,3.573,-1.436,3.644,-1.236,3.721,-1.153,3.742],0,1.5,8,0,0,0,0,128,0,0).
poly(,6,[-2.413,3.348,-2.252,3.391,-2.129,3.431,-1.94,3.475,-1.796,3.527,-1.634,3.573],0,1,8,0,0,0,0,128,0,0).
poly(,4,[-2.466,3.432,-2.342,3.452,-2.253,3.464,-2.19,3.471],0,1,8,0,0,0,0,128,0,0).
poly(,6,[-1.788,3.722,-1.675,3.74,-1.579,3.73,-1.501,3.716,-1.445,3.707,-1.373,3.72],0,1.2,8,0,0,0,0,128,0,0).
poly(,6,[-4.015,3.422,-4.021,3.322,-4.018,3.264,-4.025,3.207,-4.031,3.13,-4.055,3.044],0,1,8,0,0,0,255,0,0,0).
poly(,5,[-3.696,4.903,-3.413,5.003,-3.221,5.07,-3.075,5.118,-2.937,5.185],0,1,8,0,0,0,255,0,255,0).
poly(,3,[-3.201,5.127,-2.903,5.24,-2.638,5.348],0,1,8,0,0,0,255,0,255,0).
poly(,5,[-2.264,5.423,-2.032,5.532,-1.901,5.593,-1.761,5.653,-1.572,5.753],0,1,0,0,0,0,255,0,255,0).
poly(,6,[-2.287,5.076,-1.977,5.21,-1.747,5.303,-1.575,5.381,-1.391,5.464,-1.184,5.568],0,1,0,0,0,0,255,0,255,0).
poly(,12,[-2.428,3.997,-2.212,4.02,-2.04,4.044,-1.891,4.072,-1.697,4.116,-1.559,4.155,-1.367,4.182,-1.243,4.207,-1.048,4.24,-0.836,4.283,-0.761,4.288,-0.665,4.305],0,1,0,0,0,0,0,128,0,0).
poly(,10,[-1.379,4.313,-1.12,4.323,-0.928,4.343,-0.767,4.368,-0.611,4.386,-0.433,4.423,-0.267,4.463,-0.122,4.489,-0.014,4.506,0.122,4.53],0,1,0,0,0,0,0,128,0,0).
poly(,8,[-1.022,4.279,-0.885,4.296,-0.75,4.308,-0.635,4.322,-0.5,4.34,-0.332,4.369,-0.266,4.385,-0.171,4.395],0,1,0,0,0,0,0,128,0,0).
poly(,8,[-2.174,4.276,-1.865,4.348,-1.671,4.385,-1.427,4.431,-1.24,4.464,-1.08,4.483,-0.867,4.515,-0.732,4.532],0,1,0,0,0,0,0,128,0,0).
poly(,4,[-2.687,4.101,-2.431,4.175,-2.275,4.224,-2.146,4.259],0,1,8,0,0,0,0,128,0,0).
poly(,5,[-2.2,4.079,-2.008,4.116,-1.89,4.164,-1.761,4.176,-1.66,4.202],0,1,8,0,0,0,0,128,0,0).
poly(,5,[-2.074,4.362,-1.835,4.423,-1.632,4.451,-1.477,4.477,-1.27,4.48],0,1,8,0,0,0,0,128,0,0).
poly(,9,[-1.181,4.555,-1.029,4.575,-0.865,4.596,-0.704,4.613,-0.603,4.624,-0.499,4.648,-0.399,4.664,-0.29,4.684,-0.165,4.714],0,1,8,0,0,0,0,128,0,0).
poly(,6,[-2.06,4.409,-1.87,4.446,-1.775,4.466,-1.709,4.487,-1.623,4.504,-1.549,4.513],0,1,8,0,0,0,0,128,0,0).
poly(,7,[-1.749,4.447,-1.536,4.493,-1.388,4.541,-1.214,4.587,-1.063,4.607,-0.982,4.621,-0.872,4.641],0,1,8,0,0,0,0,128,0,0).
poly(,7,[-0.663,4.635,-0.459,4.693,-0.287,4.745,-0.158,4.797,-0.043,4.826,0.101,4.848,0.219,4.858],0,1,8,0,0,0,0,128,0,0).
poly(,11,[-0.896,4.46,-0.695,4.486,-0.511,4.532,-0.395,4.562,-0.257,4.63,-0.126,4.687,-0.005,4.765,0.079,4.796,0.147,4.82,0.26,4.834,0.411,4.863],0,1,8,0,0,0,0,128,0,0).
poly(,11,[-2.353,4.703,-1.962,4.778,-1.65,4.846,-1.33,4.878,-0.922,4.908,-0.632,4.925,-0.444,4.934,-0.259,4.949,-0.168,4.961,-0.11,4.947,-0.019,4.958],0,1.2,8,0,0,0,0,128,0,0).
poly(,8,[-0.205,4.941,-0.103,4.93,-0.042,4.93,0.091,4.93,0.239,4.937,0.359,4.961,0.462,4.978,0.6,4.978],0,1.2,8,0,0,0,0,128,0,0).
poly(,5,[-0.215,6.099,-0.093,6.159,-0.003,6.189,0.049,6.211,0.108,6.243],0,1,0,0,0,0,255,0,255,0).
poly(,5,[-0.49,5.193,-0.32,5.237,-0.202,5.256,-0.114,5.264,0.049,5.281],0,1,0,0,0,0,0,128,0,0).
poly(,6,[0.097,5.268,0.176,5.261,0.276,5.269,0.371,5.269,0.469,5.279,0.518,5.278],0,1,0,0,0,0,0,128,0,0).
poly(,7,[1.079,5.252,1.182,5.268,1.276,5.274,1.389,5.271,1.462,5.278,1.531,5.283,1.597,5.306],0,1,0,0,0,0,0,128,0,0).
poly(,6,[0.573,5.237,0.754,5.251,0.928,5.262,1.033,5.262,1.076,5.268,1.115,5.279],0,1,0,0,0,0,0,128,0,0).
poly(,10,[1.431,5.125,1.596,5.12,1.762,5.117,1.865,5.122,1.98,5.127,2.058,5.137,2.143,5.166,2.224,5.201,2.309,5.225,2.394,5.242],0,1.2,0,0,0,0,0,128,0,0).
poly(,4,[1.337,5.308,1.514,5.322,1.631,5.33,1.74,5.345],0,1,0,0,0,0,0,128,0,0).
poly(,4,[0.388,5.262,0.451,5.261,0.508,5.268,0.567,5.266],0,1,8,0,0,0,255,0,0,0).
poly(,12,[1.858,5.322,2.068,5.339,2.214,5.364,2.314,5.374,2.404,5.381,2.522,5.396,2.665,5.43,2.819,5.467,3.003,5.495,3.2,5.545,3.459,5.594,3.689,5.639],0,1,0,0,0,0,0,128,0,0).
poly(,3,[3.532,5.679,3.318,5.64,3.39,5.691],0,4,0,0,0,0,255,255,0,0).
poly(,5,[1.052,5.42,1.248,5.435,1.389,5.456,1.528,5.464,1.641,5.469],0,1,0,0,0,0,0,128,0,0).
poly(,3,[-1.24,4.785,-1.199,4.693,-1.152,4.61],0,1,0,0,0,0,255,0,0,0).
poly(,3,[-1.125,4.548,-1.108,4.515,-1.093,4.487],0,1,8,0,0,0,255,0,0,0).
poly(,2,[-1.04,4.388,-1.016,4.348],0,1,8,0,0,0,255,0,0,0).
poly(,2,[-1.006,4.327,-0.984,4.293],0,1,8,0,0,0,255,0,0,0).
poly(,3,[-0.942,4.214,-0.888,4.133,-0.849,4.048],0,1,8,0,0,0,255,0,0,0).
poly(,3,[-0.81,3.973,-0.779,3.916,-0.764,3.884],0,1,8,0,0,0,255,0,0,0).
poly(,2,[-0.603,3.613,-0.556,3.557],0,1,8,0,0,0,255,0,0,0).
poly(,2,[-0.534,3.521,-0.503,3.484],0,1,8,0,0,0,255,0,0,0).
poly(,6,[-0.461,3.453,-0.42,3.391,-0.38,3.335,-0.337,3.27,-0.317,3.214,-0.285,3.145],0,1,8,0,0,0,255,0,0,0).
poly(,4,[-0.986,4.393,-0.893,4.407,-0.781,4.417,-0.705,4.424],0,1,8,0,0,0,0,128,0,0).
poly(,3,[-0.654,4.869,-0.603,4.753,-0.549,4.69],0,1,8,0,0,0,255,0,0,0).
poly(,5,[-1.179,5.356,-1.172,5.291,-1.162,5.229,-1.162,5.173,-1.157,5.147],0,1,8,0,0,0,255,0,0,0).
poly(,4,[-1.14,5.132,-1.143,5.064,-1.145,5.025,-1.138,4.98],0,1,8,0,0,0,255,0,0,0).
poly(,8,[-1.096,5.251,-1.093,5.179,-1.093,5.124,-1.094,5.052,-1.091,5.019,-1.086,4.99,-1.072,4.964,-1.047,4.932],0,1,8,0,0,0,255,0,0,0).
poly(,11,[-0.623,4.007,-0.347,4.092,-0.107,4.16,0.125,4.222,0.313,4.283,0.51,4.358,0.615,4.39,0.761,4.453,0.876,4.509,0.933,4.556,0.954,4.575],0,1.2,0,0,0,0,0,128,0,0).
poly(,8,[0.679,4.397,0.915,4.466,1.055,4.515,1.243,4.573,1.431,4.634,1.575,4.666,1.628,4.705,1.721,4.732],0,1.5,8,0,0,0,0,128,0,0).
poly(,5,[1.02,5.02,1.206,5.032,1.338,5.03,1.455,5.027,1.64,5.037],0,1.2,0,0,0,0,0,128,0,0).
poly(,3,[1.669,5.064,1.794,5.09,1.911,5.11],0,1,8,0,0,0,0,128,0,0).
poly(,5,[0.425,4.334,0.512,4.395,0.576,4.446,0.615,4.492,0.678,4.578],0,1,8,0,0,0,0,128,0,0).
poly(,5,[0.137,4.431,0.108,4.366,0.083,4.309,0.056,4.277,0.013,4.216],0,1,8,0,0,0,255,0,0,0).
poly(,8,[0.65,5.015,0.639,4.941,0.639,4.886,0.633,4.849,0.623,4.819,0.617,4.764,0.623,4.709,0.628,4.627],0,1,0,0,0,0,255,0,0,0).
poly(,3,[0.791,5.23,0.784,5.152,0.773,5.056],0,1,8,0,0,0,255,0,0,0).
poly(,5,[0.193,5.486,0.263,5.434,0.323,5.381,0.344,5.344,0.371,5.284],0,1,8,0,0,0,255,0,0,0).
poly(,4,[0.388,5.24,0.462,5.161,0.522,5.074,0.578,4.993],0,1,8,0,0,0,255,0,0,0).
poly(,2,[0.85,4.6,0.864,4.571],0,1,8,0,0,0,255,0,0,0).
poly(,6,[0.667,4.864,0.708,4.817,0.742,4.778,0.774,4.731,0.805,4.683,0.838,4.631],0,1,8,0,0,0,255,0,0,0).
poly(,4,[0.632,4.742,0.659,4.698,0.679,4.654,0.689,4.603],0,1,8,0,0,0,255,0,0,0).
poly(,6,[0.159,4.878,0.274,4.91,0.398,4.924,0.486,4.917,0.556,4.919,0.615,4.917],0,1,8,0,0,0,0,128,0,0).
poly(,3,[0.656,4.929,0.727,4.937,0.794,4.946],0,1,8,0,0,0,255,0,0,0).
poly(,4,[0.639,4.573,0.74,4.6,0.838,4.627,0.921,4.629],0,1,0,0,0,0,0,128,0,0).
poly(,6,[0.815,4.598,0.883,4.61,0.945,4.624,1.013,4.634,1.079,4.648,1.179,4.644],0,1,0,0,0,0,0,128,0,0).
poly(,7,[0.937,4.659,1.028,4.666,1.101,4.675,1.174,4.693,1.25,4.707,1.328,4.717,1.42,4.724],0,1,0,0,0,0,0,128,0,0).
poly(,6,[-0.205,4.419,-0.07,4.434,0.042,4.454,0.134,4.485,0.23,4.512,0.457,4.573],0,1,0,0,0,0,0,128,0,0).
poly(,7,[0.988,4.712,1.204,4.749,1.377,4.786,1.538,4.832,1.665,4.871,1.851,4.919,1.955,4.942],0,1,8,0,0,0,0,128,0,0).
poly(,5,[1.264,4.673,1.384,4.697,1.48,4.714,1.562,4.725,1.626,4.732],0,1,8,0,0,0,0,128,0,0).
poly(,3,[1.731,4.814,1.853,4.822,1.987,4.832],0,1,8,0,0,0,0,128,0,0).
poly(,8,[1.741,4.983,1.953,5.005,2.139,5.027,2.289,5.042,2.453,5.064,2.651,5.091,2.81,5.125,3.007,5.152],0,1,0,0,0,0,0,128,0,0).
poly(,5,[2.038,4.751,2.116,4.664,2.19,4.59,2.248,4.529,2.278,4.493],0,1,0,0,0,0,255,0,0,0).
poly(,4,[1.887,4.702,1.967,4.597,2.038,4.507,2.109,4.436],0,1,8,0,0,0,255,0,0,0).
poly(,3,[1.775,4.802,1.821,4.764,1.863,4.724],0,1,8,0,0,0,255,0,0,0).
poly(,6,[1.663,4.658,1.755,4.681,1.813,4.702,1.872,4.714,1.928,4.725,2.024,4.768],0,1,0,0,0,0,0,128,0,0).
poly(,4,[-4.853,0.253,-4.881,0.152,-4.934,0.026,-4.982,-0.114],0,1,8,0,0,0,255,0,0,0).
poly(,4,[-4.444,0.58,-4.486,0.49,-4.541,0.384,-4.573,0.322],0,1,8,0,0,0,255,0,0,0).
poly(,4,[-4.571,0.446,-4.619,0.302,-4.647,0.175,-4.699,0.019],0,1,8,0,0,0,255,0,0,0).
poly(,2,[-4.509,0.812,-4.52,0.711],0,1,8,0,0,0,255,0,0,0).
poly(,3,[-4.835,1.428,-4.863,1.37,-4.895,1.299],0,1,8,0,0,0,255,0,0,0).
poly(,4,[-5.125,1.306,-5.157,1.216,-5.212,1.145,-5.24,1.12],0,1,8,0,0,0,255,0,0,0).
poly(,8,[-3.138,0.967,-2.823,1.094,-2.561,1.208,-2.316,1.324,-2.132,1.398,-1.905,1.503,-1.583,1.671,-1.336,1.796],0,1.1,8,0,0,0,0,0,255,0).
poly(,5,[-3.25,3.777,-3.073,3.825,-2.93,3.858,-2.749,3.898,-2.548,3.941],0,1,8,0,0,0,0,128,0,0).
poly(,2,[-4.209,3.533,-4.172,3.466],0,1,8,0,0,0,255,0,0,0).
poly(,3,[-4.14,3.457,-4.119,3.421,-4.097,3.392],0,1,8,0,0,0,255,0,0,0).
poly(,5,[-3.993,3.457,-3.91,3.515,-3.791,3.592,-3.734,3.626,-3.626,3.661],0,1,8,0,0,0,255,0,0,0).
poly(,3,[-4.106,3.355,-4.076,3.402,-4.026,3.449],0,1,8,0,0,0,255,0,0,0).
poly(,9,[-2.437,2.608,-2.313,2.654,-2.182,2.68,-2.118,2.704,-2.024,2.716,-1.903,2.727,-1.789,2.744,-1.686,2.761,-1.595,2.782],0,1,0,0,0,0,0,0,255,0).
poly(,8,[-2.537,2.632,-2.368,2.701,-2.277,2.739,-2.153,2.77,-2.077,2.782,-1.998,2.771,-1.888,2.799,-1.798,2.833],0,1,0,0,0,0,0,0,255,0).
poly(,3,[-2.918,2.437,-2.845,2.475,-2.78,2.511],0,1,0,0,0,0,0,0,255,0).
poly(,4,[-2.244,2.635,-2.175,2.665,-2.115,2.682,-2.082,2.703],0,1,8,0,0,0,0,0,255,0).
poly(,5,[-2.396,2.723,-2.251,2.785,-2.16,2.813,-2.096,2.849,-2.032,2.871],0,1,0,0,0,0,0,0,255,0).
poly(,4,[-2.621,2.616,-2.487,2.689,-2.382,2.74,-2.225,2.821],0,1,0,0,0,0,0,0,255,0).
poly(,5,[-1.874,2.82,-1.76,2.871,-1.652,2.921,-1.584,2.952,-1.488,3.004],0,1,0,0,0,0,0,0,255,0).
poly(,6,[-1.998,2.994,-1.913,3.021,-1.853,3.049,-1.808,3.063,-1.746,3.083,-1.665,3.121],0,1,0,0,0,0,0,0,255,0).
poly(,4,[-1.696,3.094,-1.591,3.14,-1.505,3.166,-1.435,3.19],0,1,0,0,0,0,0,0,255,0).
poly(,5,[-1.504,3.143,-1.421,3.185,-1.364,3.212,-1.273,3.236,-1.18,3.269],0,1,0,0,0,0,0,0,255,0).
poly(,3,[-2.112,2.864,-1.965,2.926,-1.808,2.995],0,1,0,0,0,0,0,0,255,0).
poly(,4,[1.871,4.779,2.196,4.879,2.419,4.956,2.627,5.029],0,1.5,8,0,0,0,0,128,0,0).
poly(,3,[0.318,4.988,0.395,5.018,0.528,5.027],0,1.5,8,0,0,0,0,128,0,0).
poly(,3,[0.606,5.04,0.745,5.045,0.877,5.048],0,1,8,0,0,0,0,128,0,0).
poly(,5,[-0.043,4.995,0.086,5.022,0.194,5.036,0.288,5.049,0.353,5.038],0,1,8,0,0,0,0,128,0,0).
poly(,15,[2.098,4.422,2.257,4.467,2.379,4.501,2.56,4.55,2.77,4.598,3.022,4.672,3.176,4.707,3.333,4.745,3.516,4.808,3.709,4.852,3.823,4.877,3.989,4.882,4.207,4.903,4.294,4.93,4.454,4.94],0,1.2,0,0,0,0,0,128,0,0).
poly(,11,[-0.728,3.783,-0.462,3.81,-0.146,3.856,0.11,3.893,0.319,3.951,0.553,4.015,0.892,4.082,1.304,4.173,1.596,4.203,2.048,4.324,2.19,4.351],0,1.2,8,0,0,0,0,128,0,0).
poly(,4,[2.04,4.386,2.344,4.426,2.601,4.48,2.737,4.514],0,1.2,8,0,0,0,0,128,0,0).
poly(,14,[3.533,5.117,3.702,5.135,3.828,5.18,3.98,5.184,4.094,5.182,4.239,5.201,4.335,5.227,4.477,5.274,4.656,5.28,4.802,5.297,4.991,5.332,5.219,5.354,5.369,5.368,5.519,5.389],0,1.2,0,0,0,0,0,128,0,0).
poly(,4,[6.209,5.372,6.664,5.503,6.981,5.593,7.073,5.629],0,1.5,8,0,0,0,0,128,0,0).
poly(,7,[2.7,5.049,2.862,5.056,2.959,5.06,3.145,5.109,3.287,5.128,3.432,5.133,3.554,5.139],0,1.5,0,0,0,0,0,128,0,0).
poly(,9,[3.556,5.364,3.843,5.394,4.089,5.411,4.243,5.434,4.457,5.428,4.719,5.415,4.92,5.389,5.044,5.374,5.164,5.366],0,1.2,0,0,0,0,0,128,0,0).
poly(,5,[2.98,5.056,3.169,5.049,3.316,5.049,3.464,5.053,3.569,5.064],0,1,0,0,0,0,0,128,0,0).
poly(,7,[2.601,5.218,2.755,5.248,2.867,5.276,2.978,5.287,3.057,5.306,3.117,5.315,3.19,5.321],0,1.2,0,0,0,0,0,128,0,0).
poly(,7,[2.034,5.126,2.177,5.143,2.287,5.156,2.362,5.167,2.445,5.182,2.497,5.201,2.603,5.22],0,1,0,0,0,0,0,128,0,0).
poly(,5,[1.343,4.899,1.557,4.922,1.739,4.944,1.916,4.953,2.031,4.962],0,1,8,0,0,0,0,128,0,0).
poly(,3,[0.913,4.717,1.02,4.747,1.111,4.769],0,1,8,0,0,0,0,128,0,0).
poly(,7,[1.968,5.046,2.166,5.069,2.297,5.091,2.436,5.116,2.579,5.139,2.723,5.154,2.924,5.161],0,1,8,0,0,0,0,128,0,0).
poly(,8,[3.113,5.219,3.242,5.226,3.341,5.247,3.461,5.258,3.596,5.261,3.733,5.273,3.813,5.286,3.911,5.31],0,1,0,0,0,0,0,128,0,0).
poly(,7,[4.013,5.328,4.116,5.35,4.196,5.364,4.307,5.347,4.385,5.329,4.466,5.305,4.538,5.284],0,1,0,0,0,0,0,128,0,0).
poly(,7,[3.474,5.095,3.628,5.09,3.776,5.104,3.902,5.116,4.018,5.142,4.14,5.165,4.228,5.184],0,1,0,0,0,0,0,128,0,0).
poly(,5,[3.018,5.154,3.172,5.168,3.234,5.182,3.318,5.189,3.458,5.196],0,1,8,0,0,0,0,128,0,0).
poly(,5,[3.309,5.354,3.391,5.359,3.456,5.366,3.502,5.373,3.538,5.373],0,1,8,0,0,0,0,128,0,0).
poly(,9,[4.065,5.034,4.191,5.069,4.284,5.09,4.371,5.09,4.459,5.093,4.506,5.091,4.594,5.083,4.678,5.09,4.746,5.111],0,1,0,0,0,0,0,128,0,0).
poly(,5,[5.313,5.446,5.699,5.484,5.953,5.484,6.141,5.437,6.32,5.418],0,1.5,8,0,0,0,0,128,0,0).
poly(,3,[4.182,5.442,4.649,5.533,4.92,5.601],0,1.2,8,0,0,0,0,128,0,0).
poly(,7,[1.199,5.603,1.339,5.656,1.514,5.725,1.578,5.748,1.648,5.77,1.743,5.786,1.798,5.78],0,1,0,0,0,0,0,128,0,0).
poly(,12,[1.798,5.752,1.878,5.739,1.994,5.717,2.082,5.678,2.152,5.679,2.25,5.697,2.361,5.702,2.486,5.685,2.586,5.655,2.737,5.609,2.779,5.611,2.837,5.632],0,1,0,0,0,0,0,128,0,0).
poly(,6,[2.143,5.465,2.344,5.458,2.486,5.445,2.598,5.455,2.647,5.46,2.712,5.448],0,1,8,0,0,0,0,128,0,0).
poly(,4,[1.639,5.749,1.686,5.742,1.731,5.743,1.784,5.72],0,1,0,0,0,0,0,128,0,0).
poly(,6,[1.537,5.749,1.662,5.815,1.755,5.856,1.848,5.892,1.916,5.927,1.965,5.941],0,1,0,0,0,0,0,128,0,0).
poly(,5,[2.056,5.669,2.094,5.621,2.164,5.553,2.216,5.501,2.236,5.483],0,1,0,0,0,0,255,0,0,0).
poly(,4,[1.601,5.737,1.674,5.719,1.717,5.7,1.767,5.676],0,1,8,0,0,0,0,128,0,0).
poly(,4,[1.9,5.895,1.967,5.889,2.017,5.874,2.093,5.824],0,1,8,0,0,0,0,128,0,0).
poly(,3,[1.808,5.865,1.922,5.842,2.026,5.836],0,1,8,0,0,0,0,128,0,0).
poly(,5,[2.894,5.448,2.93,5.419,2.976,5.391,2.999,5.361,3.021,5.317],0,1,8,0,0,0,255,0,0,0).
poly(,3,[2.787,5.592,2.819,5.547,2.848,5.492],0,1,8,0,0,0,255,0,0,0).
poly(,5,[2.694,5.833,2.703,5.78,2.725,5.737,2.746,5.694,2.76,5.653],0,1,8,0,0,0,255,0,0,0).
poly(,6,[2.543,6.379,2.655,6.248,2.743,6.134,2.819,6.041,2.909,5.93,2.996,5.831],0,1,0,0,0,0,255,0,0,0).
poly(,4,[2.991,5.854,3.05,5.774,3.09,5.723,3.126,5.67],0,1,0,0,0,0,255,0,0,0).
poly(,3,[3.133,5.687,3.174,5.627,3.212,5.567],0,1,0,0,0,0,255,0,0,0).
poly(,3,[3.27,5.533,3.35,5.44,3.408,5.376],0,1,8,0,0,0,255,0,0,0).
poly(,5,[2.881,5.029,2.951,4.932,2.989,4.862,3.015,4.812,3.049,4.745],0,1,8,0,0,0,255,0,0,0).
poly(,4,[3.498,5.038,3.527,4.936,3.527,4.878,3.534,4.822],0,1,8,0,0,0,255,0,0,0).
poly(,2,[3.461,5.122,3.484,5.066],0,1,8,0,0,0,255,0,0,0).
poly(,3,[2.945,5.971,3.041,5.847,3.028,5.897],0,4,0,0,0,0,0,255,0,0).
poly(,5,[4.925,5.576,5.131,5.567,5.365,5.573,5.557,5.546,5.829,5.505],0,1,8,0,0,0,0,128,0,0).
poly(,4,[5.14,5.636,5.29,5.633,5.428,5.618,5.533,5.6],0,1,8,0,0,0,0,128,0,0).
poly(,4,[4.966,5.452,5.05,5.427,5.176,5.403,5.329,5.4],0,1,8,0,0,0,0,128,0,0).
poly(,3,[4.64,5.502,4.873,5.478,4.936,5.466],0,1,8,0,0,0,0,128,0,0).
poly(,9,[3.987,5.663,4.257,5.711,4.452,5.753,4.667,5.78,4.82,5.789,5.035,5.786,5.224,5.753,5.383,5.675,5.545,5.549],0,1,8,0,0,0,0,128,0,0).
poly(,3,[4.856,5.852,4.634,5.819,4.727,5.873],0,4,0,0,0,0,255,255,0,0).
poly(,4,[4.367,5.611,4.532,5.631,4.67,5.646,4.823,5.633],0,1,8,0,0,0,0,128,0,0).
poly(,6,[3.769,5.4,3.889,5.428,3.979,5.428,4.084,5.438,4.147,5.438,4.182,5.443],0,1,8,0,0,0,0,128,0,0).
poly(,5,[3.676,5.656,3.874,5.703,4.139,5.761,4.32,5.806,4.582,5.874],0,1,8,0,0,0,0,128,0,0).
poly(,5,[5.661,5.576,5.922,5.563,6.072,5.556,6.205,5.541,6.285,5.526],0,1,8,0,0,0,0,128,0,0).
poly(,7,[3.649,6.585,3.819,6.387,3.997,6.194,4.079,6.099,4.164,5.994,4.282,5.869,4.317,5.831],0,1,0,0,0,0,255,0,0,0).
poly(,6,[4.337,5.799,4.385,5.748,4.425,5.701,4.487,5.643,4.542,5.571,4.572,5.536],0,1,0,0,0,0,255,0,0,0).
poly(,2,[4.6,5.511,4.655,5.431],0,1,8,0,0,0,255,0,0,0).
poly(,6,[3.599,6.484,3.791,6.274,3.901,6.154,4.042,6.031,4.134,5.936,4.259,5.806],0,1,8,0,0,0,255,0,0,0).
poly(,2,[4.277,5.781,4.312,5.733],0,1,8,0,0,0,255,0,0,0).
poly(,3,[4.327,5.708,4.377,5.661,4.402,5.631],0,1,8,0,0,0,255,0,0,0).
poly(,2,[4.422,5.593,4.472,5.518],0,1,8,0,0,0,255,0,0,0).
poly(,2,[4.495,5.491,4.517,5.441],0,1,8,0,0,0,255,0,0,0).
poly(,3,[4.86,5.476,4.883,5.431,4.9,5.403],0,1,8,0,0,0,255,0,0,0).
poly(,3,[4.637,5.733,4.72,5.658,4.778,5.593],0,1,8,0,0,0,255,0,0,0).
poly(,2,[5.013,5.053,5.053,4.977],0,1,8,0,0,0,255,0,0,0).
poly(,2,[5.086,4.94,5.136,4.85],0,1,8,0,0,0,255,0,0,0).
poly(,3,[5.163,4.805,5.211,4.71,5.251,4.642],0,1,8,0,0,0,255,0,0,0).
poly(,2,[5.283,4.612,5.313,4.552],0,1,0,0,0,0,255,0,0,0).
poly(,5,[4.871,5.576,4.921,5.505,4.952,5.464,4.98,5.42,5.005,5.389],0,1,8,0,0,0,255,0,0,0).
poly(,6,[4.177,5.117,4.27,5.129,4.349,5.146,4.455,5.158,4.528,5.17,4.637,5.188],0,1,8,0,0,0,0,128,0,0).
poly(,6,[-2.743,4.218,-2.38,4.338,-2.15,4.425,-1.972,4.46,-1.858,4.48,-1.754,4.489],0,1,8,0,0,0,0,128,0,0).
poly(,4,[-3.094,4.207,-2.962,4.166,-2.788,4.14,-2.584,4.13],0,1,8,0,0,0,0,128,0,0).
poly(,5,[-3.886,3.993,-3.762,4.05,-3.623,4.107,-3.413,4.164,-3.125,4.218],0,1,8,0,0,0,0,128,0,0).
poly(,5,[-3.943,3.656,-3.711,3.734,-3.603,3.783,-3.529,3.817,-3.458,3.865],0,1,8,0,0,0,0,128,0,0).
poly(,3,[-7.067,1.879,-7.006,1.881,-6.968,1.876],0,1,8,0,0,0,0,0,255,0).
poly(,5,[-1.151,3.798,-1.005,3.827,-0.895,3.84,-0.765,3.868,-0.522,3.907],0,1.2,8,0,0,0,0,128,0,0).
poly(,3,[-6.403,2.17,-6.344,2.169,-6.272,2.153],0,1,0,0,0,0,0,128,0,0).
poly(,3,[-3.946,2.674,-3.884,2.694,-3.793,2.725],0,1,8,0,0,0,0,0,255,0).
poly(,6,[-0.941,6.129,-0.356,6.301,0.188,6.425,0.652,6.532,1.131,6.632,1.451,6.701],0,1.2,8,0,0,0,255,0,255,0).
poly(,3,[3.139,7.544,3.596,7.705,4.154,7.873],0,1,8,0,0,0,255,0,255,0).
poly(,4,[3.64,7.087,3.922,7.168,4.265,7.289,4.535,7.387],0,1.2,8,0,0,0,255,0,255,0).
poly(,3,[5.807,7.631,6.201,7.739,6.419,7.796],0,1.2,8,0,0,0,255,0,255,0).
poly(,11,[-1.228,3.238,-1.157,3.249,-1.057,3.277,-0.95,3.308,-0.864,3.342,-0.741,3.373,-0.59,3.417,-0.474,3.454,-0.377,3.482,-0.318,3.498,-0.258,3.518],0,1.2,0,0,0,0,0,0,255,0).
poly(,9,[-0.757,3.403,-0.642,3.435,-0.565,3.453,-0.503,3.472,-0.453,3.49,-0.413,3.507,-0.352,3.518,-0.276,3.529,-0.21,3.541],0,1,0,0,0,0,0,0,255,0).
poly(,22,[-0.567,3.39,-0.471,3.431,-0.372,3.466,-0.28,3.498,-0.235,3.52,-0.201,3.547,-0.102,3.579,-0.024,3.611,0.042,3.64,0.098,3.665,0.148,3.684,0.203,3.696,0.27,3.71,0.336,3.726,0.391,3.744,0.445,3.769,0.53,3.804,0.658,3.845,0.724,3.865,0.783,3.873,
0.87,3.888,0.948,3.904],0,1.2,0,0,0,0,0,0,255,0).
poly(,5,[0.812,3.877,0.866,3.895,0.918,3.909,0.978,3.91,1.054,3.909],0,1,0,0,0,0,0,0,255,0).
poly(,2,[-1.515,2.957,-1.414,3.023],0,1,0,0,0,0,0,0,255,0).
poly(,3,[-1.383,3.028,-1.321,3.06,-1.292,3.078],0,1,0,0,0,0,0,0,255,0).
poly(,4,[-1.297,3.082,-1.222,3.116,-1.165,3.138,-1.073,3.16],0,1,0,0,0,0,0,0,255,0).
poly(,6,[-1.826,2.747,-1.786,2.761,-1.723,2.773,-1.625,2.792,-1.53,2.806,-1.412,2.813],0,1,8,0,0,0,0,0,255,0).
poly(,7,[-2.586,2.394,-2.484,2.44,-2.355,2.473,-2.22,2.505,-2.113,2.54,-1.999,2.569,-1.887,2.622],0,1,0,0,0,0,0,0,255,0).
poly(,4,[-1.955,2.571,-1.827,2.619,-1.712,2.659,-1.617,2.69],0,1,0,0,0,0,0,0,255,0).
poly(,3,[-1.625,2.693,-1.52,2.742,-1.41,2.792],0,1,0,0,0,0,0,0,255,0).
poly(,6,[-1.417,2.941,-1.408,2.866,-1.406,2.796,-1.407,2.742,-1.427,2.674,-1.445,2.61],0,1,0,0,0,0,255,0,0,0).
poly(,3,[-1.453,3.134,-1.436,3.089,-1.422,3.025],0,1,0,0,0,0,255,0,0,0).
poly(,9,[-2.079,2.495,-1.971,2.511,-1.879,2.529,-1.76,2.56,-1.665,2.578,-1.606,2.595,-1.537,2.601,-1.49,2.611,-1.449,2.622],0,1,0,0,0,0,0,0,255,0).
poly(,5,[-2.681,2.367,-2.551,2.402,-2.443,2.417,-2.357,2.425,-2.327,2.43],0,1,0,0,0,0,0,0,255,0).
poly(,7,[-2.333,2.435,-2.232,2.462,-2.142,2.477,-2.066,2.488,-2.014,2.491,-1.958,2.499,-1.914,2.513],0,1,0,0,0,0,0,0,255,0).
poly(,4,[-1.952,2.494,-1.906,2.5,-1.849,2.511,-1.779,2.526],0,1,0,0,0,0,0,0,255,0).
poly(,8,[-2.554,2.375,-2.505,2.378,-2.476,2.378,-2.435,2.383,-2.378,2.406,-2.338,2.419,-2.319,2.425,-2.282,2.442],0,1,0,0,0,0,0,0,255,0).
poly(,6,[-2.465,2.352,-2.361,2.378,-2.28,2.397,-2.211,2.428,-2.161,2.451,-2.097,2.462],0,1,0,0,0,0,0,0,255,0).
poly(,4,[-2.366,2.39,-2.311,2.406,-2.267,2.424,-2.209,2.451],0,1,0,0,0,0,0,0,255,0).
poly(,34,[1.133,3.709,1.197,3.737,1.293,3.766,1.39,3.792,1.463,3.819,1.57,3.854,1.628,3.872,1.703,3.908,1.792,3.943,1.842,3.969,1.901,3.999,2.02,4.038,2.122,4.067,2.145,4.079,2.197,4.103,2.27,4.118,2.326,4.13,2.415,4.156,2.49,4.179,2.604,4.216,
2.705,4.253,2.78,4.278,2.868,4.307,2.925,4.308,2.963,4.31,3.011,4.325,3.06,4.323,3.124,4.334,3.195,4.34,3.255,4.345,3.303,4.347,3.356,4.362,3.413,4.381,3.454,4.39],0,1,0,0,0,0,0,0,255,0).
poly(,5,[-0.646,3.01,-0.747,2.965,-0.804,2.923,-0.832,2.901,-0.868,2.862],0,1,0,0,0,0,0,0,255,0).
poly(,21,[1.174,3.736,1.11,3.719,1,3.698,0.961,3.685,0.892,3.659,0.81,3.624,0.799,3.617,0.762,3.617,0.705,3.595,0.595,3.557,0.473,3.503,0.361,3.436,0.256,3.392,0.115,3.32,-0.033,3.248,-0.109,3.196,-0.162,3.17,-0.264,3.125,-0.391,3.089,-0.518,3.061,-0.65,3.036],0,1.2,0,0,0,0,0,0,255,0).
poly(,4,[3.259,4.356,3.328,4.394,3.408,4.411,3.454,4.416],0,1,0,0,0,0,0,0,255,0).
poly(,5,[3.477,4.401,3.583,4.405,3.684,4.413,3.754,4.405,3.826,4.398],0,1,0,0,0,0,0,0,255,0).
poly(,6,[3.214,4.325,3.343,4.328,3.439,4.33,3.503,4.337,3.51,4.337,3.588,4.352],0,1,8,0,0,0,0,0,255,0).
poly(,15,[-0.829,2.858,-0.759,2.893,-0.695,2.922,-0.66,2.937,-0.634,2.953,-0.618,2.964,-0.573,2.978,-0.526,2.995,-0.483,3.027,-0.435,3.051,-0.372,3.074,-0.327,3.084,-0.275,3.096,-0.233,3.11,-0.202,3.128],0,1,0,0,0,0,0,0,255,0).
poly(,8,[-0.519,2.993,-0.447,3.016,-0.387,3.039,-0.334,3.068,-0.271,3.083,-0.228,3.106,-0.202,3.125,-0.168,3.154],0,1,0,0,0,0,0,0,255,0).
poly(,5,[-1.617,2.499,-1.497,2.545,-1.378,2.593,-1.329,2.618,-1.284,2.641],0,1,8,0,0,0,0,0,255,0).
poly(,3,[-1.317,2.614,-1.241,2.644,-1.175,2.671],0,1,8,0,0,0,0,0,255,0).
poly(,3,[-1.167,2.732,-1.072,2.784,-1.002,2.815],0,0,8,0,0,0,0,0,255,0).
poly(,4,[-1.327,2.858,-1.2,2.862,-1.1,2.864,-0.946,2.862],0,0,8,0,0,0,0,0,255,0).
poly(,11,[-1.081,3.017,-1.018,3.034,-0.965,3.049,-0.908,3.062,-0.851,3.077,-0.804,3.088,-0.747,3.115,-0.708,3.14,-0.645,3.167,-0.574,3.186,-0.513,3.199],0,0,8,0,0,0,0,0,255,0).
poly(,2,[-0.316,3.544,-0.213,3.576],0,0,8,0,0,0,0,0,255,0).
poly(,6,[-0.183,3.126,-0.049,3.188,0.098,3.249,0.202,3.299,0.276,3.328,0.381,3.376],0,1,0,0,0,0,0,0,255,0).
poly(,4,[0.254,3.276,0.39,3.317,0.469,3.336,0.577,3.351],0,1,0,0,0,0,0,0,255,0).
poly(,5,[0.491,3.428,0.554,3.434,0.601,3.454,0.646,3.479,0.69,3.503],0,1,0,0,0,0,0,0,255,0).
poly(,6,[0.115,3.235,0.192,3.276,0.251,3.305,0.304,3.323,0.352,3.339,0.389,3.361],0,1,8,0,0,0,0,0,255,0).
poly(,3,[-0.236,3.004,-0.177,3.025,-0.094,3.069],0,1,8,0,0,0,0,0,255,0).
poly(,4,[-0.424,3.252,-0.353,3.298,-0.283,3.343,-0.178,3.425],0,1,8,0,0,0,0,0,255,0).
poly(,10,[-0.187,3.503,-0.108,3.538,-0.033,3.553,0.037,3.567,0.113,3.583,0.176,3.614,0.276,3.658,0.356,3.695,0.472,3.729,0.537,3.743],0,1,0,0,0,0,0,0,255,0).
poly(,4,[0.591,3.76,0.72,3.789,0.831,3.8,0.901,3.796],0,1,0,0,0,0,0,0,255,0).
poly(,5,[0.754,3.838,0.893,3.837,0.975,3.839,1.027,3.837,1.077,3.829],0,1,0,0,0,0,0,0,255,0).
poly(,3,[1.106,3.814,1.21,3.812,1.315,3.797],0,1,8,0,0,0,0,0,255,0).
poly(,9,[0.919,3.597,0.991,3.623,1.017,3.627,1.06,3.638,1.137,3.664,1.206,3.699,1.267,3.732,1.343,3.754,1.394,3.785],0,1,0,0,0,0,0,0,255,0).
poly(,24,[0.994,3.593,1.199,3.666,1.362,3.725,1.469,3.756,1.598,3.8,1.706,3.835,1.819,3.875,1.906,3.901,1.95,3.91,2.08,3.943,2.194,3.963,2.257,3.976,2.332,3.993,2.407,4.025,2.486,4.041,2.551,4.066,2.624,4.078,2.712,4.093,2.809,4.109,2.884,4.127,
2.981,4.152,3.034,4.164,3.101,4.188,3.149,4.214],0,1.2,0,0,0,0,0,0,255,0).
poly(,5,[2.634,4.093,2.757,4.123,2.855,4.149,2.947,4.168,3.011,4.178],0,1,0,0,0,0,0,0,255,0).
poly(,6,[3.024,4.178,3.106,4.209,3.194,4.238,3.247,4.25,3.322,4.253,3.393,4.255],0,1,0,0,0,0,0,0,255,0).
poly(,7,[3.335,4.261,3.417,4.284,3.469,4.299,3.551,4.314,3.615,4.318,3.657,4.323,3.727,4.344],0,1,0,0,0,0,0,0,255,0).
poly(,17,[3.615,4.325,3.735,4.36,3.818,4.385,3.848,4.392,3.931,4.407,4.036,4.424,4.144,4.443,4.234,4.452,4.29,4.458,4.363,4.463,4.438,4.475,4.512,4.483,4.619,4.487,4.738,4.484,4.843,4.501,4.901,4.513,4.972,4.514],0,1.2,0,0,0,0,0,0,255,0).
poly(,3,[3.056,4.146,3.136,4.179,3.192,4.197],0,1,8,0,0,0,0,0,255,0).
poly(,4,[3.196,4.188,3.248,4.199,3.289,4.221,3.335,4.24],0,1,8,0,0,0,0,0,255,0).
poly(,6,[1.519,3.764,1.578,3.767,1.635,3.775,1.666,3.793,1.707,3.814,1.751,3.834],0,1,8,0,0,0,0,0,255,0).
poly(,4,[-1.2,3.082,-0.898,3.166,-0.606,3.269,-0.425,3.325],0,1,8,0,0,0,0,0,255,0).
poly(,5,[-0.084,3.601,-0.02,3.648,0.055,3.703,0.119,3.753,0.158,3.791],0,0,8,0,0,0,0,0,255,0).
poly(,3,[0.434,3.901,0.558,3.954,0.674,4.011],0,0,8,0,0,0,0,0,255,0).
poly(,3,[0.356,3.819,0.399,3.845,0.441,3.878],0,0,8,0,0,0,0,0,255,0).
poly(,3,[0.666,3.87,0.75,3.935,0.849,4.014],0,0,8,0,0,0,0,0,255,0).
poly(,4,[0.572,3.759,0.61,3.792,0.653,3.818,0.709,3.855],0,0,8,0,0,0,0,0,255,0).
poly(,23,[1.187,3.849,1.298,3.89,1.39,3.935,1.459,3.964,1.533,3.989,1.609,4.034,1.663,4.057,1.751,4.083,1.787,4.094,1.824,4.097,1.906,4.129,1.944,4.141,1.991,4.165,2.041,4.185,2.063,4.2,2.107,4.223,2.146,4.244,2.227,4.25,2.305,4.249,2.369,4.255,
2.454,4.262,2.518,4.256,2.556,4.243],0,1,0,0,0,0,0,0,255,0).
poly(,3,[2.254,4.25,2.35,4.29,2.417,4.325],0,1,0,0,0,0,0,0,255,0).
poly(,25,[1.072,3.938,1.167,3.969,1.23,3.983,1.278,4.028,1.367,4.054,1.643,4.141,1.856,4.2,1.962,4.223,2.088,4.263,2.205,4.3,2.243,4.329,2.279,4.348,2.321,4.345,2.379,4.354,2.468,4.37,2.538,4.393,2.642,4.443,2.762,4.484,2.832,4.515,2.919,4.533,
3.061,4.587,3.159,4.64,3.221,4.659,3.376,4.708,3.565,4.742],0,1.2,0,0,0,0,0,0,255,0).
poly(,4,[3.531,4.756,3.583,4.792,3.648,4.814,3.721,4.84],0,1,0,0,0,0,0,0,255,0).
poly(,6,[3.426,4.59,3.519,4.622,3.632,4.653,3.744,4.692,3.839,4.71,3.913,4.731],0,1,0,0,0,0,0,0,255,0).
poly(,11,[3.88,4.733,4.011,4.771,4.084,4.794,4.169,4.831,4.26,4.865,4.324,4.891,4.393,4.894,4.431,4.888,4.488,4.891,4.556,4.924,4.635,4.951],0,1,0,0,0,0,0,0,255,0).
poly(,3,[3.97,4.722,4.016,4.746,4.05,4.776],0,1,0,0,0,0,0,0,255,0).
poly(,5,[3.095,4.388,3.207,4.448,3.268,4.484,3.324,4.522,3.386,4.568],0,1,0,0,0,0,0,0,255,0).
poly(,6,[2.398,4.266,2.508,4.289,2.597,4.3,2.669,4.284,2.706,4.277,2.746,4.275],0,1,8,0,0,0,0,0,255,0).
poly(,3,[1.856,3.919,2.023,3.996,2.148,4.048],0,1,8,0,0,0,0,0,255,0).
poly(,5,[1.23,3.824,1.31,3.863,1.359,3.888,1.409,3.912,1.471,3.947],0,1,0,0,0,0,0,0,255,0).
poly(,9,[1.013,3.922,1.097,3.928,1.196,3.924,1.278,3.94,1.357,3.962,1.445,3.989,1.497,4.005,1.557,4.034,1.608,4.061],0,1,0,0,0,0,0,0,255,0).
poly(,5,[1.276,3.95,1.375,3.977,1.461,4.007,1.538,4.041,1.58,4.071],0,1,8,0,0,0,0,0,255,0).
poly(,6,[0.655,3.589,0.688,3.636,0.715,3.682,0.752,3.723,0.798,3.759,0.821,3.775],0,1,8,0,0,0,0,0,255,0).
poly(,3,[0.842,3.557,0.921,3.57,0.977,3.579],0,1,8,0,0,0,0,0,255,0).
poly(,11,[3.359,4.454,3.601,4.508,3.82,4.552,3.998,4.589,4.177,4.631,4.382,4.685,4.512,4.727,4.622,4.748,4.735,4.772,4.873,4.796,4.975,4.804],0,1,8,0,0,0,0,0,255,0).
poly(,7,[3.487,4.432,3.6,4.445,3.715,4.465,3.834,4.472,3.95,4.486,4.045,4.502,4.122,4.514],0,1,8,0,0,0,0,0,255,0).
poly(,13,[3.833,4.441,3.878,4.457,3.951,4.457,4.044,4.468,4.104,4.475,4.2,4.489,4.306,4.501,4.355,4.517,4.402,4.531,4.434,4.543,4.505,4.552,4.577,4.555,4.648,4.547],0,1,0,0,0,0,0,0,255,0).
poly(,5,[4.708,4.505,4.816,4.531,4.955,4.559,5.034,4.573,5.066,4.577],0,1,0,0,0,0,0,0,255,0).
poly(,5,[5.207,4.605,5.308,4.629,5.446,4.659,5.518,4.667,5.624,4.67],0,1,0,0,0,0,0,0,255,0).
poly(,5,[4.53,4.906,4.653,4.944,4.765,4.98,4.83,5.005,4.913,5.033],0,1,0,0,0,0,0,0,255,0).
poly(,5,[4.61,4.981,4.678,5.011,4.8,5.041,4.885,5.062,4.985,5.075],0,1,0,0,0,0,0,0,255,0).
poly(,3,[4.844,5.138,4.978,5.168,5.051,5.188],0,1,8,0,0,0,0,128,0,0).
poly(,11,[5.076,4.96,5.238,4.966,5.427,4.975,5.591,4.992,5.784,5.006,5.971,5.029,6.17,5.059,6.36,5.092,6.516,5.114,6.671,5.141,6.757,5.162],0,1,0,0,0,0,0,0,255,0).
poly(,4,[4.732,4.936,4.888,4.947,5.061,4.96,5.073,4.96],0,1,8,0,0,0,0,0,255,0).
poly(,5,[4.858,4.767,5.012,4.8,5.205,4.833,5.373,4.864,5.482,4.882],0,1,8,0,0,0,0,0,255,0).
poly(,4,[5.486,4.882,5.691,4.914,5.868,4.936,6.028,4.965],0,1,0,0,0,0,0,0,255,0).
poly(,10,[5.5,4.691,5.563,4.707,5.609,4.719,5.675,4.737,5.831,4.776,5.985,4.804,6.134,4.84,6.261,4.86,6.345,4.876,6.443,4.875],0,1,0,0,0,0,0,0,255,0).
poly(,4,[5.575,4.182,5.711,4.181,5.804,4.179,5.848,4.175],0,1,0,0,0,0,0,0,255,0).
poly(,17,[5.774,4.198,5.859,4.192,5.91,4.195,5.953,4.215,5.995,4.215,6.076,4.212,6.155,4.237,6.227,4.263,6.29,4.273,6.359,4.299,6.423,4.332,6.522,4.375,6.589,4.397,6.651,4.424,6.709,4.435,6.77,4.456,6.839,4.474],0,1,0,0,0,0,0,0,255,0).
poly(,3,[6.836,4.475,6.95,4.523,7.062,4.573],0,1,8,0,0,0,0,0,255,0).
poly(,3,[6.556,4.941,6.829,4.978,6.993,5.012],0,1,8,0,0,0,0,0,255,0).
poly(,3,[5.064,4.562,5.165,4.561,5.239,4.561],0,1,8,0,0,0,0,0,255,0).
poly(,4,[5.253,4.546,5.317,4.546,5.367,4.546,5.431,4.552],0,1,8,0,0,0,0,0,255,0).
poly(,3,[5.356,4.516,5.424,4.526,5.47,4.538],0,1,8,0,0,0,0,0,255,0).
poly(,4,[4.994,4.514,5.09,4.501,5.156,4.477,5.222,4.447],0,1,8,0,0,0,0,0,255,0).
poly(,5,[3.591,3.296,3.914,3.342,4.289,3.427,4.602,3.471,4.784,3.496],0,1,8,0,0,0,0,0,255,0).
poly(,6,[2.671,3.01,2.898,3.046,3.027,3.076,3.116,3.116,3.248,3.139,3.502,3.196],0,1,8,0,0,0,0,0,255,0).
poly(,3,[8.424,3.989,9.013,4.087,9.602,4.153],0,1,8,0,0,0,0,0,255,0).
poly(,5,[6.391,3.735,6.854,3.812,7.12,3.837,7.345,3.876,7.597,3.937],0,1,8,0,0,0,0,0,255,0).
poly(,3,[6.563,3.676,6.698,3.673,6.784,3.671],0,1,8,0,0,0,0,0,255,0).
poly(,2,[6.036,3.66,6.129,3.671],0,1,8,0,0,0,0,0,255,0).
poly(,3,[6.045,3.71,6.17,3.735,6.211,3.746],0,1,8,0,0,0,0,0,255,0).
poly(,6,[5.739,4.732,5.796,4.639,5.878,4.519,5.912,4.444,5.969,4.37,6.039,4.254],0,1,8,0,0,0,255,0,0,0).
poly(,6,[6.099,4.181,6.139,4.125,6.171,4.061,6.235,3.964,6.271,3.891,6.309,3.806],0,1,8,0,0,0,255,0,0,0).
poly(,2,[6.223,5.206,6.273,5.095],0,1,8,0,0,0,255,0,0,0).
poly(,3,[6.29,5.055,6.327,4.975,6.361,4.897],0,1,8,0,0,0,255,0,0,0).
poly(,8,[6.408,4.85,6.457,4.772,6.483,4.732,6.516,4.689,6.542,4.639,6.581,4.569,6.635,4.467,6.649,4.432],0,1,8,0,0,0,255,0,0,0).
poly(,4,[6.34,4.623,6.384,4.538,6.418,4.472,6.448,4.403],0,1,8,0,0,0,255,0,0,0).
poly(,3,[4.9,4.481,4.939,4.429,4.978,4.353],0,1,8,0,0,0,255,0,0,0).
poly(,3,[4.643,4.731,4.7,4.658,4.735,4.613],0,1,8,0,0,0,255,0,0,0).
poly(,4,[4.464,4.861,4.534,4.814,4.582,4.786,4.617,4.76],0,1,8,0,0,0,255,0,0,0).
poly(,4,[6.336,7.221,6.388,7.098,6.422,6.999,6.463,6.922],0,1,0,0,0,0,255,0,0,0).
poly(,5,[6.376,6.969,6.427,6.845,6.468,6.742,6.528,6.597,6.591,6.484],0,1,0,0,0,0,255,0,0,0).
poly(,4,[6.598,6.426,6.637,6.342,6.67,6.258,6.714,6.164],0,1,8,0,0,0,255,0,0,0).
poly(,6,[6.786,6.094,6.834,5.973,6.865,5.868,6.918,5.747,6.95,5.665,6.969,5.607],0,1,0,0,0,0,255,0,0,0).
poly(,2,[6.656,6.39,6.707,6.271],0,1,8,0,0,0,255,0,0,0).
poly(,5,[6.824,6.395,6.841,6.299,6.851,6.207,6.856,6.123,6.841,6.034],0,1,8,0,0,0,255,0,0,0).
poly(,13,[6.911,6.985,6.923,6.888,6.947,6.768,6.925,6.643,6.899,6.542,6.897,6.457,6.904,6.378,6.913,6.301,6.909,6.207,6.894,6.12,6.889,6.002,6.889,5.964,6.87,5.901],0,1,8,0,0,0,255,0,0,0).
poly(,5,[6.818,4.803,7.008,4.622,7.222,4.44,7.449,4.252,7.647,4.092],0,1,8,0,0,0,255,0,0,0).
poly(,4,[5.699,4.582,5.771,4.496,5.844,4.408,5.885,4.337],0,1,8,0,0,0,255,0,0,0).
poly(,2,[1.546,7.499,1.73,7.276],0,1,8,0,0,0,255,0,0,0).
poly(,3,[1.907,7.086,2,6.971,2.113,6.848],0,1,8,0,0,0,255,0,0,0).
poly(,6,[-6.55,0.739,-6.542,0.618,-6.542,0.49,-6.542,0.36,-6.555,0.278,-6.529,0.145],0,1,8,0,0,0,255,0,0,0).
poly(,3,[-6.723,0.517,-6.699,0.325,-6.685,0.198],0,1,8,0,0,0,255,0,0,0).
poly(,2,[-6.776,0.74,-6.765,0.666],0,1,8,0,0,0,255,0,0,0).
poly(,5,[-7.676,3.349,-7.643,3.15,-7.597,2.964,-7.56,2.742,-7.499,2.483],0,1,8,0,0,0,255,0,0,0).
poly(,5,[-3.245,3.066,-3.245,3.002,-3.236,2.953,-3.229,2.904,-3.229,2.859],0,1,8,0,0,0,255,0,0,0).
poly(,4,[-1.55,5.11,-1.454,5.192,-1.381,5.273,-1.306,5.34],0,1,8,0,0,0,255,0,255,0).
poly(,4,[-1.819,4.913,-1.733,5.018,-1.675,5.086,-1.641,5.131],0,1,8,0,0,0,255,0,255,0).
poly(,3,[-0.838,5.501,-0.675,5.556,-0.482,5.616],0,1,8,0,0,0,255,0,255,0).
poly(,7,[-6.637,2.663,-6.547,2.633,-6.446,2.613,-6.371,2.609,-6.292,2.588,-6.227,2.564,-6.152,2.559],0,1.1,8,0,0,0,0,128,0,0).
